城市,就业增长率,就业弹性系数,就业代替率,地区生产总值,常住人口年末数,平均工资,医院数,绿地面积（公顷）,平均商品房价（元）,专利授权量（件）,三产值比重,高校数量,专本科学生数,图书藏量（万册）,公共汽车营运数量（量）,公路客运量（万人）,民航客运量（万人）
北京,1.824,0.268,3.960,25669.13,1362.86,122749,656,82113,27497,100578,80.23,91,59.29,6229.00,22688,48039,7872
天津,-2.963,-0.326,0.405,17885.39,1044.40,87806,426,33069,12830,39734,56.44,55,51.47,1806.00,12699,13741,1645
石家庄,-0.774,-0.114,0.514,5927.73,1038.00,61189,235,12423,8281,6994,46.44,49,46.07,364.50,4882,4582,650
太原,-0.945,-0.126,-0.313,2955.60,370.25,64820,175,12655,7667,4560,62.57,44,44.02,749.40,2671,876,985
呼和浩特,-1.022,-0.134,-1.359,3173.59,240.97,56213,108,14416,6425,1814,68.56,24,23.93,454.80,2128,466,819
沈阳,-11.912,2.127,-0.605,5546.45,734.40,67444,274,21490,7128,9528,56.41,47,39.78,1425.90,5444,15244,674
长春,-0.146,-0.019,0.906,5986.42,753.43,68434,162,18581,6557,7062,45.20,38,43.78,490.60,4342,7113,477
哈尔滨,-2.183,-0.299,0.269,6101.61,962.05,62583,310,13797,6680,12247,57.59,51,50.89,869.50,7408,7448,820
上海,-13.157,-1.907,-2.100,28178.65,1450.00,120503,363,131681,24747,64230,69.78,64,51.49,7676.40,16693,3402,9412
南京,-3.711,-0.464,-0.093,10503.02,662.79,90191,220,91674,17754,28782,58.39,44,72.15,1988.60,9208,8490,2236
杭州,0.546,0.057,-0.985,11313.72,736.00,87153,302,34211,15753,41052,60.89,39,42.58,2137.30,8770,12282,1622
合肥,-6.290,-0.642,-3.685,6274.38,729.83,71054,172,18185,9369,18496,44.99,50,50.29,525.60,4916,10127,399
福州,0.352,0.041,1.516,6197.64,687.06,67630,116,11661,11089,10740,50.26,32,31.39,493.70,4386,10152,1161
南昌,0.738,0.082,0.099,4354.99,522.79,65812,118,12290,8218,8592,42.85,53,60.98,169.00,3423,3001,786
济南,3.034,0.389,-9.153,6536.10,723.31,77012,238,15942,8247,15453,58.90,71,54.44,1284.50,5476,3212,645
郑州,1.149,0.135,1.562,8114.00,972.40,61149,219,17628,8163,17884,51.28,56,93.53,660.70,6230,11007,479
武汉,2.886,0.370,-8.633,11912.61,1076.62,71963,354,23217,10048,22967,52.84,84,94.77,1549.10,8970,11484,1300
长沙,-7.305,-0.777,-0.050,9292.32,764.52,77782,188,11177,6410,14961,47.80,51,61.04,1079.70,7187,7578,974
广州,1.536,0.187,1.924,19610.94,1404.35,89096,243,144524,16384,48313,69.35,82,106.73,2401.40,14074,91323,7404
南宁,1.560,0.264,-0.229,3703.33,751.75,68560,115,39718,6887,4127,50.79,32,42.57,687.10,3327,5719,604
海口,4.584,0.588,18.831,1257.67,167.03,62030,123,5665,9043,1272,76.35,11,12.73,48.40,1597,2827,2890
重庆,-58.162,-5.436,-1.195,17740.59,3389.82,67386,749,59758,5485,42738,48.13,65,74.69,1441.80,8753,55594,2147
成都,3.110,0.404,3.656,12170.23,1398.90,74408,888,31084,7504,41309,53.11,56,81.74,1706.90,10781,12370,2285
贵阳,1.659,0.164,-1.515,3157.70,401.35,70535,185,19317,5957,4754,57.06,32,35.00,744.20,3265,62385,1511
昆明,0.580,0.068,-2.320,4300.08,559.79,68375,308,15901,7030,7268,56.73,45,50.35,594.30,6262,7376,4198
西安,0.374,0.044,1.262,6257.18,824.93,69611,329,20945,6602,38279,61.17,63,72.68,1207.60,7829,15773,3699
兰州,2.065,0.249,3.693,2264.23,324.23,67011,127,7734,6601,3505,62.44,23,10.16,106.00,2800,4213,1090
西宁,0.129,0.013,1.097,1248.17,203.28,61069,73,3872,5910,991,49.14,10,7.42,171.50,2449,1950,511
银川,-54.955,-6.785,-6.973,1617.71,184.04,70840,70,9683,4790,1655,45.34,16,10.16,392.30,1818,3447,298
乌鲁木齐,1.741,0.229,3.344,2458.98,267.87,73254,127,28258,6314,2926,70.22,25,19.39,300.80,4669.00,1805,1043

北京,2.696,0.402,5.661,28014.94,1359.20,134994,713,83501,32140,107000,80.56,92,59.92,2759.00,25624,44940,8607
天津,-5.792,-1.609,0.152,18549.19,1049.99,96965,571,44309,15331,41700,58.15,57,51.38,1662,12686,12538,1863
石家庄,-7.967,-0.984,-0.439,6460.88,973.29,67880,425,12839,10170,7501,58.95,49,44.18,384,5730,3824,958
太原,0.340,0.044,0.706,3382.18,369.17,72114,245,13013,9017,5503,62.93,44,43.22,742,2780,980,1240
呼和浩特,-2.215,-0.426,0.112,2743.72,242.85,63084,185,14855,6510,1889,74.14,24,23.77,509,2335,435,1035
沈阳,-6.341,-2.114,-0.176,5864.97,736.95,74181,383,21789,8062,9891,58.48,47,40.36,1451,5902,14780,699
长春,-0.358,-0.045,0.799,6530.03,748.92,73469,297,19578,7017,8190,45.32,40,43.44,522,4387,6592,589
哈尔滨,-1.824,-0.240,0.107,6355.05,955.00,67542,471,13958,8339,12115,64.24,51,63.62,966,7519,6784,946
上海,0.722,0.105,1.428,30632.99,1455.13,130765,656,136327,23804,70464,69.18,64,51.47,7773,17461,3420,5644
南京,-0.341,-0.042,4.968,11715.10,680.67,101502,225,91178,15653,32073,59.73,44,82.78,701,8765,8404,2582
杭州,-1.073,-0.131,0.614,12603.36,753.88,96670,365,44899,20354,42227,64.54,39,42.80,2281,9672,13019,1825
合肥,12.292,1.366,-21.408,7213.45,742.76,77484,462,18792,10751,21469,52.35,50,49.95,564,5762,8284,498
福州,1.240,0.139,2.769,7103.40,693.35,75133,230,12955,11057,11266,61.92,35,31.75,845,4788,9390,1247
南昌,-3.997,-0.444,-2.452,5003.19,524.66,72686,194,13984,8527,8241,48.25,53,61.18,213,3691,2953,1094
济南,-3.450,-0.437,-0.248,7202.00,732.12,84645,270,16697,9644,17330,63.31,69,72.63,1363,7157,3192,786
郑州,3.336,0.498,-1.520,9193.80,988.10,70486,317,19643,8631,21249,60.18,58,88.93,770,6180,8815,519
武汉,3.115,0.389,5.235,13410.34,1089.29,79684,386,24842,11744,25528,53.25,84,94.88,827,9049,10410,1466
长沙,1.973,0.238,0.314,10210.13,791.81,85187,286,14380,7691,17170,63.69,51,59.00,965,8361,6558,1108
广州,1.210,0.173,21.912,21503.15,1449.84,98612,273,145159,17633,60201,70.94,82,105.73,2614,14852,91323,8085
南宁,1.361,0.166,2.164,4118.83,756.86,75481,228,39958,7776,4496,53.66,33,40.05,702,3575,5482,723
海口,1.438,0.192,1.678,1390.58,171.05,68037,139,6101,11988,1451,77.37,11,13.25,49,2140,2666,3198
重庆,-1.573,-0.169,0.311,19424.73,3392.11,73272,1606,61575,6792,35000,47.91,65,73.25,1672,12768,53307,2776
成都,7.385,0.849,-1.269,13889.39,1435.33,79292,866,32617,8733,41088,54.56,56,79.16,1998,14402,10053,4980
贵阳,3.138,0.266,-3.904,3537.96,408.31,73939,258,19517,7269,5641,62.99,34,40.44,473,4023,68522,1811
昆明,0.900,0.069,-3.612,4857.64,562.99,76350,414,16001,8010,8217,59.95,49,46.55,396,6159,5461,4473
西安,1.553,0.204,17.202,7469.85,905.68,77774,392,30076,8513,25042,61.83,63,83.16,1234,7780,15601,4186
兰州,8.127,1.378,-3.745,2523.54,325.55,75709,172,7788,7634,4244,66.84,23,9.89,111,3034,4364,1282
西宁,0.884,0.082,1.695,1284.91,205.58,73540,127,3854,6642,1070,62.35,10,7.15,174,1703,2112,626
银川,-0.069,-0.009,0.893,1803.26,188.59,77206,104,9951,5177,1817,62.52,17,9.89,422,2202,2862,351
乌鲁木齐,-0.413,-0.051,0.671,2743.82,222.62,78072,152,28848,6668,3571,69.11,22,17.38,313.00,4412,1467,1104

北京,0.793,0.120,1.878,33105.97,1375.80,149843,701,85286,34143,123496,80.98,92,60.36,6777.00,24076.00,44175,9123
天津,-3.522,-0.978,0.406,13362.92,1081.63,103931,661,46499,16055,54680,58.62,56,51.29,1867.00,13813.00,12259,1915
石家庄,4.752,0.642,9.936,6082.62,981.60,75114,393,14021,10452,11450,55.51,49,41.98,384.00,5730.00,3609,1133
太原,-0.355,-0.039,0.890,3884.48,376.72,80825,247,13398,11059,6604,61.90,46,42.14,732.00,2521.00,980,1359
呼和浩特,4.559,1.169,-3.793,2903.50,245.85,71387,174,15328,8346,2943,68.67,24,23.52,198.00,2656.00,355,1216
沈阳,-2.341,-0.434,0.323,6292.40,745.99,82067,327,22533,8892,12582,58.10,47,40.40,1471.00,5912.00,14449,714
长春,-5.597,-0.777,0.009,7175.71,751.29,80425,301,23928,8245,10268,46.85,40,42.61,549.00,4872.00,6115,653
哈尔滨,-5.492,-1.077,-0.483,6300.48,951.54,71771,462,15195,9208,12077,64.85,51,66.37,1008.00,7031.00,5942,1028
上海,1.322,0.200,1.764,36011.82,1462.38,142983,644,139427,26890,92460,69.90,64,51.16,7894.00,17513.00,3151,5921
南京,7.172,0.897,-4.591,12820.40,696.94,111071,213,92202,22380,44089,61.04,53,81.26,753.00,9012.00,8278,1273
杭州,-2.730,-0.407,-0.331,13509.15,774.10,106709,333,46014,23917,55379,63.90,40,47.56,2447.00,10840.00,10027,1956
合肥,21.071,2.479,-0.188,7822.91,757.96,89022,470,19399,12147,28438,50.28,50,52.71,646.00,5448.00,7434,607
福州,9.735,1.132,-0.275,7856.81,702.66,83175,232,12334,13530,18318,52.91,34,32.10,1081.00,4384.00,9484,1439
南昌,-2.828,-0.318,4.043,5274.67,531.88,82672,195,14806,8561,13040,45.94,53,58.74,224.00,4112.00,2772,1352
济南,-0.790,-0.107,2.002,7856.60,746.04,91651,269,19220,11930,20636,60.52,43,71.40,1492.00,6951.00,3149,894
郑州,-9.453,-1.139,-0.245,10670.10,1013.60,80963,312,21544,8443,31585,54.67,61,82.42,980.00,6373.00,8236,813
武汉,-4.606,-0.576,0.253,14847.29,1108.10,88327,372,25600,13108,32397,54.61,84,95.68,838.00,9710.00,8867,1552
长沙,-3.139,-0.368,0.423,11003.41,815.47,93293,284,14704,8206,21188,54.75,51,56.94,1085.00,8806.00,5889,1196
广州,5.917,0.954,13.155,22859.35,1490.44,111839,259,147048,20014,89826,71.75,82,104.32,2922.00,15103.00,25725,8913
南宁,2.343,0.434,2.186,4026.91,770.82,83452,225,39999,7782,6156,59.10,34,37.52,1021.00,3561.00,5196,772
海口,-2.963,-0.390,0.158,1510.51,177.61,77632,133,6676,13233,2234,77.54,12,15.06,31.00,2305.00,2548,3645
重庆,-3.736,-0.623,-0.133,21588.80,3371.84,81764,1568,64778,8067,45688,52.33,65,71.66,1808.00,9216.00,52150,3047
成都,3.368,0.421,8.075,15342.77,1476.05,88011,768,34094,9867,57370,54.12,57,75.58,2293.00,15903.00,9434,5295
贵阳,-2.508,-0.253,-0.059,3798.45,418.45,82685,260,19679,9361,9113,58.75,34,36.85,597.00,2989.00,76415,2009
昆明,-0.838,-0.100,0.511,5206.90,571.67,80253,392,17048,10472,12401,56.59,51,43.64,317.00,6164.00,4446,4709
西安,-2.995,-0.365,-1.395,8349.86,986.87,87125,395,31088,10171,31640,61.86,63,84.90,1407.00,8743.00,15555,4465
兰州,1.320,0.203,1.191,2732.94,328.48,85575,164,8282,7924,5206,64.11,23,9.80,139.00,3319.00,4392,1386
西宁,-1.425,-0.159,0.664,1286.41,207.38,84071,123,3854,7313,1939,60.04,10,6.99,181.00,1803.00,2156,715
银川,-0.470,-0.065,43.744,1901.48,193.42,87291,92,10302,5875,2105,50.85,17,9.80,373.00,2074.00,2378,443
乌鲁木齐,1.142,0.146,1.335,3099.77,222.26,85990,175,30162,8357,4361,68.59,22,18.05,326.00,4382.00,1183,1183

北京,0.028,0.412,3.606,23014.59,1345.20,113073,648,81305,22633,94031,79.65,90,59.49,5943.00,23287,49931,7172
天津,-0.017,-0.186,0.642,16538.19,1026.90,81486,420,28406,10107,37300,52.15,55,52.33,1697.00,11619,14219,1503
石家庄,-0.002,-0.032,0.766,5440.60,1028.84,54441,256,12115,8601,5786,45.84,49,44.18,354.30,4403,5976,308
太原,-0.026,-0.290,-0.010,2735.34,367.39,60516,163,12264,7508,3800,61.34,43,44.41,670.50,2871,1085,884
呼和浩特,-0.901,-0.166,-6.765,3090.52,238.58,53698,108,14077,5193,1619,67.86,24,24.03,360.80,1884,649,745
沈阳,-0.045,-1.286,-0.200,7272.31,730.41,61827,274,21490,6861,9034,47.53,47,39.12,1120.50,5381,15554,662
长春,-0.006,-0.095,0.583,5530.03,753.83,62519,186,18079,6634,5985,43.69,37,44.72,463.10,4852,8594,433
哈尔滨,-0.022,-0.310,0.281,5751.21,961.37,58405,326,13514,6419,12466,55.92,50,50.42,825.40,6923,8316,710
上海,-0.010,-0.150,0.328,25123.45,1442.97,109279,358,127332,20949,60623,67.76,67,51.78,7568.20,16531,3766,8497
南京,-0.073,-0.790,-0.060,9720.77,653.40,81075,222,88910,11489,28654,57.32,44,72.67,1634.30,8395,9166,1916
杭州,-0.017,-0.163,-0.828,10050.21,723.55,77816,316,33015,14422,46245,58.24,39,43.20,1985.00,8555,16591,1472
合肥,-0.008,-0.075,0.576,5660.27,717.72,65806,171,17264,7695,17070,42.75,50,49.71,491.00,4684,11211,356
福州,0.048,0.496,-0.927,5618.08,678.36,62478,128,11310,11653,10268,48.66,32,31.99,835.80,4242,12729,1089
南昌,0.024,0.253,-0.788,4000.01,520.38,57730,122,11961,7126,6277,41.22,53,61.06,522.80,3305,3914,749
济南,-0.073,-0.900,-0.064,6100.20,713.20,68997,246,13755,7686,17000,57.18,72,71.40,1195.00,5284,3663,533
郑州,0.006,0.061,1.397,7311.50,956.90,52987,246,16369,7537,16125,48.64,56,99.35,636.00,6221,13914,462
武汉,0.024,0.277,-6.002,10905.60,1060.77,65720,398,22447,8556,21740,51.02,82,96.93,1445.40,8301,11381,1164
长沙,-0.010,-0.102,-1.252,8630.52,743.18,67266,232,10586,5856,14633,45.06,51,70.35,797.30,6102,8606,839
广州,-0.019,-0.222,0.256,18313.80,1350.11,81171,255,141041,14612,39834,67.11,81,108.64,2160.00,13930,85108,7045
南宁,0.001,0.012,2.216,3410.09,740.23,66749,120,39068,6646,3937,49.68,32,44.90,662.80,3103,5973,549
海口,-0.041,-0.550,0.128,1161.96,164.80,57455,47,5806,7948,1207,75.84,11,15.15,204.50,1702,2170,2310
重庆,0.034,0.406,-3.258,15717.27,3403.64,62091,800,55934,5486,38900,47.70,64,76.28,1303.80,8754,57556,1882
成都,0.965,12.219,-2.623,10801.16,1228.05,69123,892,21902,6875,44852,52.81,56,84.03,2210.10,11294,14124,2104
贵阳,0.001,0.012,1.171,2891.16,391.79,63949,192,19317,6029,8002,57.17,29,37.90,727.10,3185,63580,1325
昆明,0.092,1.153,-0.784,3968.01,555.57,62033,322,15665,7393,6795,55.28,42,54.73,342.10,5645,8025,3752
西安,-0.005,-0.058,3.221,5801.20,815.66,63193,343,19047,6501,25103,59.55,63,71.28,797.50,7781,19625,3297
兰州,0.001,0.012,1.174,2095.99,321.90,62201,125,6590,6495,2914,59.98,20,10.40,105.00,2662,4067,801
西宁,-0.021,-0.194,0.331,1131.62,201.17,58099,78,3515,5758,1004,48.66,10,6.44,128.40,2726,1709,212
银川,0.003,0.038,1.167,1493.86,179.23,65643,86,9023,4947,1255,43.81,15,10.40,411.70,1949,3602,256
乌鲁木齐,0.014,0.135,-0.403,2631.64,266.83,67617,130,27679,6669,4296,68.88,25,21.33,212.40,4684,2012,956
