recordTime,age,gender,costMonth,categorical,teamBelong,cardStyle,combPos,liveTime,workTime,busiTime,teleTime,paidFee,paidWay,surfingChannel,onlineTime,onlineFlow
2,60,2,36,1,0,46,20,0,0,14,170,30,43,1,188,7
3,60,2,46,1,0,46,20,2,10,9,202,49,6,1,2024,33
4,60,2,46,1,0,46,20,2,11,9,194,49,29,1,1721,8
5,59,2,70,1,0,46,10,1,13,11,751,99,6,1,2344,365
6,60,2,56,1,0,46,10,2,14,2,399,20,43,1,3679,509
7,60,2,66,1,0,46,20,1,1,20,490,70,43,1,2626,661
2,74,2,253,1,1,216,20,9,20,0,21,300,43,1,819,166
3,74,2,253,1,1,216,20,0,9,19,102,300,43,1,1430,189
4,74,2,253,1,1,216,20,4,9,4,117,200,43,1,2151,315
5,73,2,253,1,1,216,20,0,9,13,222,300,43,1,2130,395
6,73,2,74,1,1,262,20,2,9,7,84,300,43,1,219,27
7,73,2,76,1,1,262,20,10,10,10,97,0,4,1,518,221
2,36,2,257,1,0,42,20,13,13,14,2119,200,43,1,5582,344
3,36,2,177,1,0,42,20,6,6,2,1858,200,43,1,6897,251
4,36,2,163,1,0,42,20,1,5,6,1518,200,43,1,6565,195
5,35,2,163,1,0,42,20,0,0,6,1305,200,43,1,4937,133
6,35,2,163,1,0,42,20,6,12,0,1364,0,4,1,6586,180
7,35,2,163,1,0,42,20,6,7,7,1862,200,43,1,7060,202
2,36,2,141,1,1,127,20,0,0,0,207,0,4,1,1237,2041
3,36,2,141,1,1,127,20,14,0,9,316,399,39,1,2115,2809
4,36,2,141,1,1,127,20,9,8,8,532,0,4,1,2085,3309
5,35,2,141,1,1,127,20,8,10,8,587,0,4,1,2368,4170
6,35,2,143,1,1,127,20,0,8,1,565,99,7,1,2423,5159
7,35,2,141,1,1,127,20,1,1,1,584,100,43,1,2476,5186
2,46,1,20,0,1,43,20,15,19,14,399,0,4,1,4186,12
3,46,1,20,0,1,43,20,1,2,1,223,0,4,1,4476,8
4,46,1,10,0,1,43,20,0,2,0,379,49,7,1,4109,12
5,45,1,21,0,1,43,20,2,11,11,314,0,4,1,4468,12
6,45,1,21,0,1,43,20,3,7,21,223,0,4,1,4276,8
7,45,1,21,0,1,43,20,0,0,18,552,99,7,1,4203,24
2,74,2,51,1,1,46,20,1,16,14,224,0,4,1,0,0
3,74,2,51,1,1,46,20,2,19,20,208,100,9,1,0,0
4,74,2,41,1,1,46,20,1,7,11,444,0,4,1,0,0
5,74,2,66,1,1,46,20,2,16,19,738,30,9,1,0,0
6,74,2,51,1,1,46,20,3,16,11,514,50,9,1,75,1
7,74,2,73,1,1,345,20,15,15,0,345,150,9,1,4561,131
2,45,2,40,1,1,46,20,1,7,14,29,39,39,0,1,0
3,45,2,40,1,1,46,20,2,10,5,35,49,9,0,5,0
4,45,2,35,1,1,46,20,4,10,11,51,30,9,0,0,0
5,45,2,46,1,1,46,20,3,18,17,65,50,43,0,0,0
6,45,2,45,1,1,46,20,9,9,10,68,60,9,0,4,0
7,45,2,45,1,1,46,20,2,2,10,44,50,9,0,18,0
2,35,2,104,1,1,346,20,0,0,9,905,49,7,1,6721,3302
3,35,2,128,1,1,346,10,0,0,13,844,149,7,1,6928,3185
4,35,2,104,1,1,346,20,17,0,14,804,79,7,1,6682,2287
5,35,2,119,1,1,346,20,5,10,18,1384,149,9,1,7781,2478
6,35,2,104,1,1,346,20,8,3,8,1223,100,9,1,7596,1852
7,35,2,104,1,1,346,20,0,20,9,1325,99,7,1,7354,1843
2,39,2,21,0,0,103,20,7,4,10,324,0,4,0,0,0
3,39,2,35,0,0,103,20,1,1,13,397,50,9,0,2,0
4,39,2,33,0,0,103,20,0,7,7,258,19,23,0,1,0
5,39,2,38,0,0,103,20,0,8,1,296,49,9,0,6,0
6,39,2,29,0,0,103,20,2,9,8,240,19,58,0,5,0
7,39,2,30,0,0,103,20,9,9,8,269,30,43,0,21,0
3,33,2,86,1,0,125,20,18,18,18,224,99,7,1,4824,1851
4,33,2,89,1,0,125,20,0,0,0,584,99,7,1,5774,3694
5,33,2,98,1,0,125,20,1,0,3,411,99,7,1,5727,3812
6,33,2,100,1,0,125,20,22,0,0,491,79,7,1,5506,3055
7,33,2,86,1,0,125,20,9,7,7,313,79,7,1,4996,1625
2,34,1,80,1,1,125,20,0,0,11,295,50,9,1,2294,668
3,34,1,80,1,1,125,20,1,1,12,391,99,9,1,2313,772
4,34,1,70,1,1,125,20,0,0,11,251,50,9,1,2391,1547
5,34,1,80,1,1,125,20,0,7,21,172,49,7,1,2043,1066
6,34,1,80,1,1,125,20,5,0,7,191,169,7,1,2635,1138
7,34,1,80,1,1,125,20,0,12,22,361,0,4,1,1439,386
2,61,1,39,1,1,59,20,3,8,8,1042,99,7,1,0,0
3,61,1,52,1,1,59,20,11,12,0,991,0,4,1,1950,33
4,61,1,34,1,1,59,20,7,7,16,858,99,7,1,1462,19
5,61,1,44,1,1,59,20,0,4,6,978,0,4,1,1772,21
6,61,1,49,1,1,59,20,5,6,4,996,99,7,1,1132,17
7,61,1,60,1,1,59,20,6,4,6,926,0,4,1,981,8
2,51,1,77,1,1,53,20,2,15,18,63,99,7,1,1044,150
3,51,1,87,1,1,53,20,2,7,10,124,50,9,1,1256,266
4,51,1,77,1,1,53,20,2,11,16,166,99,7,1,913,199
5,51,1,87,1,1,53,20,12,15,13,120,49,7,1,1205,544
6,51,1,87,1,1,53,20,18,17,21,114,99,7,1,855,327
7,51,1,77,1,1,345,20,8,9,8,124,49,7,1,4991,449
2,48,1,57,1,1,43,20,2,3,15,497,49,7,0,0,0
3,48,1,46,1,1,43,20,3,7,8,527,0,4,0,0,0
4,48,1,25,1,1,43,20,1,0,10,417,0,4,0,0,0
5,48,1,35,1,1,43,20,1,7,9,625,100,9,0,0,0
6,48,1,26,1,1,43,20,0,0,5,319,0,4,0,0,0
7,48,1,44,1,1,43,20,4,4,6,694,29,7,0,0,0
2,36,1,133,1,1,140,20,4,8,0,379,159,43,1,1133,467
3,36,1,150,1,1,140,20,13,15,8,920,200,43,1,5411,1863
4,36,1,124,1,1,140,20,18,18,0,707,100,9,1,4452,1342
5,35,1,133,1,1,140,20,12,2,11,568,150,9,1,4419,985
6,35,1,138,1,1,140,20,13,13,8,618,150,9,1,4925,1327
7,35,1,146,1,1,140,20,1,0,15,645,100,9,1,6538,3178
2,79,2,10,0,1,59,20,1,11,22,56,0,4,0,0,0
3,79,2,10,0,1,59,20,2,3,17,63,29,7,0,0,0
4,79,2,2,0,1,59,10,0,1,25,28,0,4,0,0,0
5,78,2,10,0,1,59,20,1,16,18,55,0,4,0,0,0
6,79,2,10,0,1,59,20,0,1,4,90,0,4,0,0,0
7,79,2,10,0,1,59,20,2,2,5,26,49,7,0,5,0
2,45,2,35,1,1,46,20,9,19,13,91,0,4,1,0,0
3,45,2,35,1,1,46,20,2,9,12,543,0,4,1,0,0
4,45,2,26,1,1,46,20,12,12,3,793,149,7,1,0,0
5,44,2,35,1,1,46,20,2,1,13,624,0,4,1,0,0
6,44,2,79,1,1,46,20,0,15,0,1210,0,4,1,0,0
7,45,2,74,1,1,46,20,3,10,2,1076,150,43,1,767,237
2,52,1,35,1,1,336,20,7,8,0,328,0,4,1,42,2
3,52,1,70,1,1,336,20,10,2,12,919,49,7,1,137,12
4,52,1,28,1,1,336,20,1,7,7,582,99,7,1,4982,45
5,52,1,100,1,1,345,20,8,16,10,729,99,7,1,3507,55
6,52,1,83,1,1,345,20,2,12,10,628,99,7,1,3336,26
7,52,1,72,1,1,345,20,0,0,9,602,0,4,1,5442,47
2,36,1,79,1,0,53,20,7,0,13,160,90,43,1,6041,1091
3,36,1,79,1,0,53,20,11,0,9,457,60,43,1,6117,1568
4,36,1,69,1,0,53,20,16,16,2,382,60,43,1,5229,719
5,35,1,79,1,0,53,20,14,16,16,382,90,43,1,5241,1083
6,35,1,79,1,0,53,20,3,10,11,263,60,43,1,5730,1519
7,36,1,79,1,0,53,20,0,0,15,150,90,43,1,6224,689
2,31,2,88,1,1,346,10,1,10,7,195,50,43,1,4173,1030
3,31,2,118,1,1,346,20,1,4,7,448,150,43,1,5639,2433
4,31,2,88,1,1,346,20,1,3,3,247,100,43,1,5319,1675
5,31,2,90,1,1,346,10,6,6,3,363,50,43,1,5101,1437
6,31,2,98,1,1,346,20,17,17,6,161,100,43,1,5595,1792
7,31,2,93,1,1,346,20,6,6,6,201,100,43,1,6623,1636
2,34,1,75,1,0,53,10,3,10,14,699,49,7,1,4864,382
3,34,1,80,1,0,53,20,1,8,2,625,149,7,1,4861,433
4,34,1,70,1,0,53,20,3,2,6,562,49,7,1,5133,965
5,34,1,80,1,0,53,20,2,1,3,693,99,7,1,4594,156
6,34,1,80,1,0,53,20,12,0,11,539,99,7,1,5269,357
7,34,1,80,1,0,53,20,2,1,0,824,99,7,1,6514,309
2,38,2,116,1,1,140,20,5,2,19,21,100,43,1,1331,173
3,38,2,116,1,1,140,20,0,2,7,242,150,43,1,336,63
4,38,2,106,1,1,140,20,15,19,8,44,80,43,1,0,0
5,37,2,116,1,1,140,20,15,13,14,67,130,43,1,2923,403
6,37,2,116,1,1,140,20,8,8,13,22,180,43,1,1799,222
7,38,2,116,1,1,140,20,11,18,18,92,100,9,1,7309,2467
2,37,1,124,1,1,346,20,0,0,0,899,50,43,1,6164,2903
3,37,1,160,1,1,346,20,9,9,9,1346,180,43,1,6909,2925
4,37,1,142,1,1,346,20,0,8,10,1193,150,43,1,6463,2294
5,36,1,123,1,1,346,10,16,8,19,990,100,43,1,6004,2906
6,36,1,156,1,1,346,20,21,0,21,1199,150,43,1,6592,2867
7,36,1,265,1,1,346,20,2,2,11,2154,280,43,1,7564,3572
2,35,1,116,1,1,127,20,10,10,2,94,150,43,1,1655,2218
3,35,1,116,1,1,127,20,0,9,13,238,100,43,1,2314,1482
4,35,1,106,1,1,127,20,2,13,10,299,100,43,1,2035,1342
5,34,1,116,1,1,127,20,10,15,0,346,100,43,1,2029,2591
6,34,1,116,1,1,127,20,3,14,13,229,150,43,1,1997,2321
7,34,1,116,1,1,127,20,0,0,23,284,100,43,1,2686,1188
2,33,1,106,1,1,53,20,0,18,9,324,199,7,1,5198,1190
3,33,1,103,1,1,53,20,3,8,21,225,99,7,1,5815,1249
4,33,1,94,1,1,53,20,8,1,8,347,49,7,1,5732,1131
5,33,1,103,1,1,53,10,1,8,15,222,99,7,1,5910,2839
6,33,1,102,1,1,53,10,9,19,17,230,99,7,1,6138,2128
7,33,1,102,1,1,53,20,0,0,9,294,149,7,1,6147,1269
2,38,1,33,1,0,336,20,1,13,12,191,20,43,1,4107,8
3,38,1,162,1,0,336,20,13,0,12,278,159,7,1,4081,300
4,38,1,273,1,0,336,20,14,12,12,387,309,7,1,1046,516
5,38,1,54,1,0,336,20,2,11,9,398,29,7,1,1149,197
6,38,1,83,1,0,336,20,11,3,8,386,79,7,1,4376,482
7,38,1,54,1,0,336,20,8,0,8,299,59,7,1,5362,137
2,41,2,75,1,0,53,20,2,10,13,279,99,7,1,2604,1499
3,41,2,75,1,0,53,20,0,10,10,876,99,7,1,2434,1478
4,41,2,214,1,0,53,20,5,5,8,1067,99,7,1,2278,1638
5,40,2,75,1,0,53,20,17,17,17,972,199,7,1,2154,1185
6,40,2,75,1,0,53,20,1,5,1,1155,149,7,1,2115,1302
7,40,2,76,1,0,53,20,6,2,6,1402,99,7,1,2486,1144
2,29,1,110,1,1,127,20,20,0,20,320,99,7,1,4576,1601
3,29,1,120,1,1,140,20,1,0,0,779,99,7,1,6304,3888
4,29,1,127,1,1,140,20,5,5,11,908,199,7,1,6071,5152
5,28,1,120,1,1,140,20,1,13,2,538,99,7,1,5421,3432
6,28,1,120,1,1,140,20,0,7,23,646,199,7,1,6343,2554
7,28,1,120,1,1,140,20,2,9,2,367,99,7,1,8069,3152
2,78,2,15,0,1,103,20,3,10,21,9,0,4,0,0,0
3,78,2,15,0,1,103,20,3,11,12,46,49,7,0,0,0
4,78,2,15,0,1,103,20,2,9,15,42,100,43,0,0,0
5,78,2,15,0,1,103,10,0,3,25,24,0,4,0,0,0
6,78,2,15,0,1,103,20,3,3,16,25,0,4,0,0,0
7,78,2,15,0,1,103,20,2,2,8,44,0,4,0,0,0
2,54,2,8,0,1,59,20,8,0,20,281,0,4,1,0,0
3,54,2,16,0,1,59,10,0,9,9,244,0,4,1,3410,8
4,54,2,9,0,1,59,20,0,10,11,272,30,9,1,3997,11
5,54,2,37,0,1,59,10,8,0,8,436,25,39,1,4199,18
6,54,2,25,0,1,59,10,6,8,8,361,49,7,1,3952,15
7,54,2,22,0,1,59,20,1,7,1,455,0,4,1,4192,17
2,36,1,33,1,0,46,20,8,8,15,290,50,43,1,739,85
3,36,1,43,1,0,46,20,7,8,7,455,50,43,1,908,126
4,36,1,33,1,0,46,20,7,7,9,424,0,4,1,793,85
5,35,1,34,1,0,46,20,8,6,13,486,50,43,1,1037,81
6,36,1,33,1,0,46,20,6,12,5,628,30,43,1,1195,120
7,36,1,33,1,0,46,20,6,17,7,482,50,43,1,1456,50
2,33,2,93,1,1,53,10,0,6,13,118,99,7,1,6877,4755
3,33,2,93,1,1,53,10,2,11,8,137,99,7,1,7885,5432
4,33,2,83,1,1,53,10,14,13,19,171,99,7,1,7702,5975
5,32,2,93,1,1,53,10,18,18,3,150,99,7,1,8036,4840
6,32,2,93,1,1,53,10,0,9,0,230,49,7,1,8105,5162
7,32,2,93,1,1,53,20,17,0,6,223,99,7,1,8593,5699
2,39,1,77,1,1,53,20,3,0,10,62,99,7,1,6300,791
3,39,1,77,1,1,53,10,3,1,11,226,100,9,1,6120,690
4,39,1,74,1,1,53,10,1,0,3,296,99,7,1,7861,1090
5,39,1,77,1,1,53,10,23,23,3,291,50,43,1,8141,1157
6,39,1,77,1,1,53,20,3,4,0,236,49,7,1,7133,1341
7,39,1,77,1,1,53,10,0,2,5,367,99,7,1,7811,1112
2,34,2,85,1,1,53,20,2,18,17,589,50,43,1,4746,1182
3,34,2,85,1,1,53,20,18,19,11,341,110,43,1,5378,995
4,34,2,232,1,1,53,20,11,0,13,407,200,43,1,6276,1661
5,33,2,86,1,1,53,20,14,16,15,2001,100,9,1,6554,793
6,33,2,150,1,1,53,20,2,7,15,1128,180,43,1,6255,2084
7,34,2,149,1,1,53,20,8,2,2,863,160,43,1,4143,1994
2,40,2,106,1,1,348,10,0,0,15,98,150,43,1,4978,1165
3,40,2,106,1,1,348,10,2,8,11,78,50,43,1,5349,1481
4,40,2,96,1,1,348,10,7,0,12,144,80,43,1,6177,1944
5,40,2,106,1,1,348,10,2,18,14,237,510,43,1,6347,1458
6,40,2,106,1,1,348,20,3,6,9,127,50,43,1,6296,3616
7,40,2,106,1,1,348,20,0,0,7,141,100,43,1,8143,2720
2,47,1,30,0,1,46,20,2,2,16,360,0,4,1,137,2
3,47,1,31,0,1,46,20,1,11,10,471,50,9,1,749,7
4,47,1,20,0,1,46,20,18,9,11,349,0,4,1,1085,12
5,46,1,32,0,1,46,20,0,9,20,690,49,7,1,863,11
6,46,1,40,0,1,46,20,1,7,8,531,49,7,1,673,53
7,46,1,30,0,1,46,20,2,2,7,713,0,4,1,581,8
2,41,2,88,1,0,346,20,8,0,0,535,89,7,1,5845,1949
3,41,2,96,1,0,346,20,0,6,0,648,139,7,1,5547,1756
4,41,2,87,1,0,346,10,7,0,19,835,29,7,1,7063,3430
5,40,2,84,1,0,346,20,25,25,25,569,89,7,1,7358,2886
6,41,2,124,1,0,346,20,14,14,15,938,119,7,1,5547,790
7,41,2,134,1,0,346,20,7,10,10,903,149,7,1,4984,252
2,59,1,93,1,0,346,20,2,15,8,521,100,43,1,5990,1505
3,59,1,90,1,0,346,20,15,14,12,693,80,43,1,6614,1746
4,59,1,72,1,0,346,20,0,16,15,663,100,43,1,5034,1433
5,59,1,107,1,0,346,20,9,15,15,793,100,43,1,5740,1897
6,59,1,130,1,0,346,20,17,7,16,920,150,43,1,7147,2206
7,59,1,226,1,0,346,20,0,0,8,1304,150,43,1,8363,4843
2,39,1,75,1,0,53,20,19,3,18,144,99,7,1,3715,31
3,39,1,75,1,0,53,20,1,15,14,236,49,7,1,3822,13
4,39,1,68,1,0,53,20,1,13,13,242,99,7,1,3648,16
5,38,1,75,1,0,53,20,0,12,17,339,49,7,1,4210,835
6,38,1,75,1,0,53,20,2,15,15,238,111,7,1,4299,1299
7,38,1,75,1,0,53,20,3,3,12,244,49,7,1,5072,769
2,43,2,85,1,1,125,20,2,10,9,112,149,7,1,5561,992
3,43,2,86,1,1,125,20,8,9,2,554,99,7,1,7403,833
4,43,2,78,1,1,125,20,7,3,9,362,99,7,1,5288,1146
5,43,2,123,1,1,125,20,9,1,10,587,199,7,1,2594,1181
6,43,2,98,1,1,125,20,3,10,8,515,99,7,1,2313,1228
7,43,2,95,1,1,125,20,1,1,3,251,99,7,1,2238,822
2,28,1,15,0,0,103,20,3,9,14,188,0,4,0,0,0
3,28,1,15,0,0,103,20,11,2,12,170,50,43,0,0,0
4,28,1,15,0,0,103,20,0,8,11,121,0,4,0,0,0
5,27,1,15,0,0,103,20,1,7,17,109,0,4,0,0,0
6,27,1,15,0,0,103,20,1,11,18,153,50,43,0,2,0
7,27,1,15,0,0,103,20,3,3,9,135,0,4,0,6,0
2,35,1,54,1,1,336,20,2,7,8,86,59,7,1,909,778
3,35,1,45,1,1,336,20,0,3,0,129,79,7,1,1105,1487
4,35,1,35,1,1,336,20,0,0,3,161,0,4,1,1214,1309
5,34,1,48,1,1,336,20,7,7,4,88,49,7,1,229,297
6,34,1,61,1,1,336,20,7,8,7,345,59,7,1,548,351
7,34,1,43,1,1,336,20,7,7,7,89,59,7,1,228,105
2,-1,2,93,1,0,346,20,18,0,1,169,299,7,1,4405,1660
3,-1,2,146,1,0,346,20,20,20,20,348,0,4,1,6103,3490
4,-1,2,98,1,0,140,10,19,0,0,162,0,4,1,5935,4182
5,-1,2,103,1,0,140,20,0,8,22,276,149,7,1,3528,1180
6,-1,2,103,1,0,140,20,0,0,0,278,99,7,1,3778,2125
7,-1,2,103,1,0,140,10,12,9,12,217,99,7,1,1752,1513
2,54,1,70,1,1,345,20,3,12,11,162,49,7,1,6112,417
3,54,1,70,1,1,345,10,0,10,13,89,149,7,1,6810,617
4,54,1,60,1,1,345,20,4,10,12,118,0,4,1,6525,588
5,53,1,70,1,1,345,20,8,15,14,119,49,7,1,5282,534
6,53,1,76,1,1,66,20,10,22,15,177,99,7,1,4743,342
7,53,1,76,1,1,66,20,13,13,14,109,49,7,1,6930,772
2,37,1,79,0,0,346,20,1,10,18,1,170,43,1,1355,351
3,37,1,102,0,1,66,20,3,5,16,0,110,43,1,1902,0
4,37,1,92,0,1,66,20,2,7,17,0,80,43,1,3044,0
5,36,1,102,0,1,66,20,11,20,0,0,80,43,1,1098,0
6,36,1,103,1,1,66,20,19,16,20,0,130,43,1,1395,243
7,36,1,102,1,1,66,20,2,13,13,1,80,43,1,3780,4
2,36,2,106,1,1,127,20,12,15,0,209,99,7,1,4954,2210
3,36,2,105,1,1,127,20,12,12,12,184,149,7,1,6296,5147
4,36,2,95,1,1,127,20,0,8,0,109,59,7,1,8013,5323
5,35,2,105,1,1,127,20,3,12,14,101,129,7,1,7827,5068
6,35,2,105,1,1,127,20,19,19,19,230,59,7,1,7077,6391
7,35,2,105,1,1,127,20,1,1,18,104,179,7,1,7233,8374
2,71,2,38,1,1,46,20,2,7,0,70,50,43,0,0,0
3,71,2,38,1,1,46,20,6,8,5,98,50,43,0,0,0
4,71,2,38,1,1,46,20,14,16,11,298,50,43,0,0,0
5,70,2,38,1,1,46,20,10,9,11,130,0,4,0,0,0
6,70,2,38,1,1,46,20,11,12,11,146,50,43,0,0,0
7,70,2,38,1,1,46,20,1,1,1,106,50,43,0,78,0
2,40,2,45,1,1,49,20,0,12,10,359,29,7,1,4091,21
3,40,2,45,1,1,49,20,5,0,23,262,79,7,1,4117,14
4,40,2,35,1,1,49,20,2,10,5,512,0,4,1,4235,156
5,39,2,45,1,1,49,20,2,15,3,841,79,7,1,4455,42
6,39,2,65,1,1,345,20,0,19,14,436,49,7,1,4327,530
7,40,2,65,1,1,345,20,9,5,3,531,50,9,1,4410,590
2,41,1,121,1,1,127,20,3,11,10,124,170,43,1,4041,220
3,41,1,122,1,1,127,20,1,12,11,299,130,43,1,5079,774
4,41,1,111,1,1,127,20,7,0,7,313,100,43,1,5270,1302
5,41,1,125,1,1,127,20,1,8,11,341,100,43,1,5559,1817
6,41,1,122,1,1,127,20,0,14,12,98,80,43,1,4129,307
7,41,1,121,1,1,127,20,0,0,0,290,140,43,1,4726,326
2,41,2,115,1,1,127,20,0,0,19,77,149,43,1,3987,750
3,41,2,88,1,1,127,20,20,20,21,162,150,43,1,3980,547
2,60,2,33,1,0,46,20,2,14,18,24,0,4,1,3,0
3,60,2,33,1,0,46,10,4,11,14,39,100,43,1,0,0
4,60,2,23,1,0,46,10,4,18,8,37,100,9,1,0,0
5,60,2,39,1,0,46,10,3,8,18,48,100,9,1,0,0
6,60,2,41,1,0,46,10,1,10,1,61,0,4,1,6,0
7,60,2,41,1,0,46,10,3,3,13,84,150,9,1,2,0
2,54,2,35,1,1,46,20,4,13,16,151,0,4,1,7,7
3,54,2,35,1,1,46,20,3,11,14,164,0,4,1,0,0
4,54,2,26,1,1,46,20,0,10,2,153,50,9,1,0,0
5,54,2,36,1,1,46,20,2,8,18,160,49,7,1,3,0
6,54,2,39,1,1,46,20,6,16,8,273,0,4,1,4,0
7,44,1,35,1,1,46,20,0,0,2,173,49,7,1,14,0
2,39,2,73,1,1,345,20,2,10,21,60,0,4,1,5710,5569
3,39,2,366,1,1,345,20,11,19,10,94,0,4,1,4927,1520
4,39,2,146,1,1,345,20,2,15,16,38,0,4,1,3895,776
5,39,2,66,1,1,345,20,2,19,21,1,0,4,1,4200,0
6,39,2,66,1,1,345,20,0,0,23,3,0,4,1,4316,1
7,39,2,66,1,1,345,20,2,9,22,1,0,4,1,4421,0
2,75,1,310,1,1,340,20,0,11,13,547,300,43,1,6278,1941
3,75,1,170,1,1,340,10,0,12,19,1243,200,43,1,6400,1501
4,75,1,180,1,1,340,20,1,12,12,844,200,43,1,6808,1521
5,75,1,245,1,1,340,20,17,20,20,1039,200,43,1,7507,2263
6,75,1,187,1,1,340,20,8,21,9,1133,280,43,1,2914,1827
7,75,1,109,1,1,66,20,22,8,21,1074,100,50,1,684,351
2,43,2,15,1,1,46,10,23,0,0,232,470,43,1,3342,61
3,43,2,69,1,1,46,10,0,0,20,165,0,4,1,3192,83
4,43,2,69,1,1,46,10,4,2,17,524,0,4,1,4547,109
5,42,2,69,1,1,46,20,4,13,16,660,50,9,1,5243,134
6,42,2,69,1,1,46,10,8,0,12,517,50,9,1,5567,273
7,42,2,69,1,1,46,20,8,2,8,146,100,9,1,6177,175
2,55,1,82,1,1,53,20,19,0,5,159,99,7,1,3748,186
3,55,1,82,1,1,53,20,0,7,0,212,99,7,1,4299,539
4,55,1,72,1,1,53,20,8,8,8,186,49,7,1,4370,743
5,54,1,82,1,1,53,20,0,4,0,163,99,7,1,4547,631
6,54,1,82,1,1,53,20,0,4,22,119,49,7,1,4501,684
7,54,1,102,1,1,53,20,15,20,15,228,99,7,1,4899,1035
2,39,1,27,1,1,343,20,2,9,4,80,0,4,1,9,35
3,39,1,28,1,1,343,20,3,2,18,116,0,4,1,0,0
4,39,1,17,1,1,343,20,0,0,14,213,0,4,1,0,0
5,39,1,58,1,1,343,20,17,11,17,143,0,4,1,3257,191
6,39,1,27,1,1,343,20,0,7,6,224,49,7,1,3362,8
7,39,1,27,1,1,343,20,0,0,3,96,0,4,1,3658,4
2,42,1,16,0,1,103,20,1,9,3,43,99,7,0,0,0
3,42,1,16,0,1,103,20,0,10,23,33,0,4,0,0,0
4,42,1,16,0,1,103,20,1,2,4,53,0,4,0,0,0
5,41,1,16,0,1,103,20,2,13,3,31,0,4,0,0,0
6,41,1,16,0,1,103,20,2,8,17,42,0,4,0,41,0
7,41,1,16,0,1,103,20,1,8,1,29,0,4,0,30,0
2,34,1,103,1,0,157,20,1,1,15,117,100,43,1,3264,3239
3,34,1,103,1,0,157,20,2,0,0,134,100,43,1,2994,2625
4,34,1,142,1,0,67,20,2,0,0,103,130,45,1,7634,4783
5,33,1,157,1,0,67,20,13,23,23,470,199,7,1,8087,5330
6,33,1,155,1,0,67,20,22,4,22,265,200,43,1,7479,5180
7,33,1,246,1,0,67,20,2,2,2,274,250,43,1,8504,12296
2,50,2,87,1,1,53,20,8,9,9,946,50,43,1,2398,202
3,50,2,87,1,1,53,20,8,8,8,705,150,43,1,2177,199
4,50,2,77,1,1,53,20,12,5,5,575,50,43,1,1978,538
5,50,2,77,1,1,53,20,3,6,17,804,100,43,1,2158,514
6,50,2,77,1,1,53,20,5,5,17,509,50,43,1,2599,287
7,50,2,77,1,1,53,20,6,6,11,362,50,43,1,3483,340
2,46,2,73,1,1,346,20,0,0,8,276,80,9,1,2694,811
3,46,2,85,1,1,346,20,0,0,4,663,100,9,1,3041,1874
4,46,2,98,1,1,346,20,14,10,10,730,100,9,1,3256,1535
5,46,2,78,1,1,346,20,8,3,10,691,50,9,1,3480,2168
6,46,2,84,1,1,346,20,6,17,16,487,100,9,1,3551,1360
7,46,2,78,1,1,346,20,0,0,6,280,100,9,1,4577,1936
2,57,2,17,0,1,103,20,3,12,14,236,0,4,1,762,0
3,57,2,15,0,1,103,20,4,10,11,166,0,4,1,3264,5
4,57,2,15,0,1,103,20,10,1,15,93,0,4,1,2890,3
5,56,2,15,0,1,103,20,2,10,10,44,0,4,1,1868,1
6,56,2,15,0,1,103,20,0,11,10,71,0,4,1,834,0
7,56,2,15,0,1,103,20,0,0,8,118,99,7,1,580,0
2,51,1,99,1,1,125,20,3,9,9,226,79,7,1,6501,1235
3,51,1,99,1,1,125,20,4,1,9,337,129,7,1,7413,1131
4,51,1,99,1,1,125,20,0,0,0,430,99,50,1,7091,1117
5,51,1,99,1,1,125,20,11,11,15,367,129,7,1,7427,1107
6,51,1,99,1,1,125,20,2,7,0,437,109,7,1,6646,785
7,51,1,99,1,1,125,20,3,3,3,701,99,7,1,7984,998
2,50,2,74,1,1,340,20,2,9,8,147,0,4,1,4942,550
3,50,2,74,1,1,340,20,9,9,9,129,99,9,1,5256,224
4,50,2,74,1,1,340,20,1,8,3,268,50,9,1,4846,520
5,50,2,74,1,1,340,20,4,7,6,205,100,9,1,4946,445
6,50,2,90,1,1,340,20,1,12,12,306,80,9,1,5614,1242
7,50,2,157,1,1,340,20,3,3,9,176,159,7,1,5763,1644
2,73,2,31,1,1,43,20,0,0,12,176,0,4,0,0,0
3,73,2,31,1,1,43,20,4,22,8,193,0,4,0,0,0
4,73,2,31,1,1,43,20,1,8,20,191,100,50,0,0,0
5,72,2,35,1,1,43,20,1,22,13,333,0,4,0,0,0
6,72,2,31,1,1,43,20,9,17,12,229,0,4,0,0,0
7,72,2,31,1,1,43,20,4,4,7,307,50,50,0,1,0
2,56,2,51,1,0,23,20,2,19,14,24,50,43,1,1875,1289
3,56,2,48,1,0,23,20,3,5,14,23,50,43,1,1259,706
4,56,2,55,1,0,23,20,2,18,9,29,49,23,1,1732,1175
5,56,2,54,1,0,23,20,3,16,11,11,100,43,1,2107,1902
6,56,2,59,1,0,23,20,1,7,7,23,29,58,1,2637,2278
7,56,2,44,1,0,23,20,4,4,21,11,49,58,1,1445,586
2,41,1,126,1,1,125,10,22,21,2,930,59,7,1,3542,567
3,41,1,92,1,1,125,20,0,11,0,841,119,7,1,4459,1609
4,41,1,98,1,1,125,10,13,10,18,665,119,7,1,6260,2414
5,40,1,123,1,1,125,10,17,7,17,1079,139,7,1,5589,1814
6,40,1,115,1,1,125,20,0,0,0,696,119,7,1,6456,2655
7,40,1,98,1,1,125,20,7,2,2,473,49,7,1,6925,2229
2,56,2,78,1,1,125,20,14,15,14,85,99,9,1,3076,465
3,56,2,83,1,1,125,20,1,1,9,121,50,9,1,6438,702
4,56,2,83,1,1,125,20,1,6,8,200,79,7,1,6244,1179
5,55,2,83,1,1,125,20,4,7,9,113,90,9,1,4573,412
6,55,2,83,1,1,125,20,1,0,7,260,100,9,1,5492,406
7,55,2,83,1,1,125,20,0,0,7,83,149,54,1,7251,487
2,34,1,105,1,1,127,10,2,0,9,407,110,43,1,7145,8359
3,34,1,105,1,1,127,20,20,19,20,605,150,43,1,6718,5347
4,34,1,105,1,1,127,20,2,8,8,805,200,43,1,5693,3697
5,33,1,107,1,1,127,20,13,13,19,913,30,43,1,5601,3425
6,33,1,105,1,1,127,20,11,8,8,732,180,43,1,6235,4061
7,33,1,105,1,1,127,20,3,3,9,758,80,43,1,6729,3521
2,33,1,35,1,0,336,20,10,18,17,71,50,43,1,6,0
3,33,1,35,1,0,336,20,0,3,20,115,0,4,1,0,0
4,33,1,35,1,0,336,20,13,3,10,44,50,43,1,0,0
5,33,1,35,1,0,336,20,2,13,23,95,50,43,1,0,0
6,33,1,35,1,0,336,20,1,10,8,328,49,6,1,8,8
2,30,2,50,1,1,344,20,1,0,8,160,0,4,1,3134,579
3,30,2,75,1,1,344,20,0,19,1,578,149,7,1,3909,2187
4,30,2,66,1,1,344,20,0,0,0,369,0,4,1,3828,1675
5,29,2,53,1,1,344,20,1,8,7,348,49,7,1,5533,1888
6,29,2,50,1,1,344,20,17,19,16,132,0,4,1,4449,533
7,29,2,42,1,1,344,20,7,7,1,358,50,9,1,5627,1247
2,45,1,113,1,1,56,10,0,17,3,97,79,7,1,3778,33
3,45,1,113,1,1,56,20,0,0,0,142,149,7,1,4032,82
4,45,1,113,1,1,56,20,9,1,8,167,109,7,1,4440,146
5,44,1,113,1,1,56,20,0,23,0,521,99,7,1,4886,261
6,44,1,113,1,1,56,20,0,8,1,296,99,7,1,4230,42
7,44,1,119,1,1,56,10,9,9,0,471,149,7,1,5326,706
2,33,2,106,1,1,127,20,12,20,14,143,79,7,1,3637,4813
3,33,2,106,1,1,127,10,0,15,15,198,59,7,1,3993,5037
4,33,2,106,1,1,127,20,1,1,9,216,139,7,1,3717,5112
5,32,2,106,1,1,127,20,0,21,16,367,119,7,1,4197,6528
6,32,2,107,1,1,127,10,12,18,12,107,59,7,1,3402,3828
7,32,2,106,1,1,127,20,0,0,0,45,229,7,1,4460,4712
2,36,1,76,1,1,344,20,2,10,10,169,49,7,1,1900,222
3,36,1,100,1,1,344,20,1,10,10,215,99,7,1,2449,264
4,36,1,128,1,1,344,20,1,10,9,211,149,7,1,2245,357
5,35,1,69,1,1,344,10,1,6,7,251,99,7,1,2221,286
6,35,1,84,1,1,344,10,0,9,9,192,0,4,1,1805,413
7,35,1,56,1,1,344,10,1,1,20,150,99,7,1,3648,230
2,54,1,90,1,1,125,20,0,10,19,330,50,43,1,2923,625
3,54,1,90,1,1,125,20,1,22,12,271,100,43,1,2871,865
4,54,1,90,1,1,125,20,8,9,1,275,80,43,1,2860,794
5,53,1,90,1,1,125,20,0,12,13,191,100,43,1,2988,948
6,53,1,90,1,1,125,20,1,13,12,233,100,43,1,3253,1384
7,53,1,90,1,1,125,20,10,10,10,156,160,43,1,3787,1325
2,32,1,56,1,1,336,20,4,2,17,129,69,6,1,123,37
3,32,1,50,1,1,336,20,3,15,12,117,50,43,1,304,102
4,32,1,50,1,1,336,20,2,12,11,114,49,43,1,236,96
5,31,1,55,1,1,336,20,1,11,10,129,50,43,1,349,280
6,31,1,55,1,1,336,20,2,9,9,141,50,43,1,1377,826
7,31,1,35,1,1,336,20,21,21,21,106,50,43,1,981,533
2,56,1,35,1,1,46,20,1,0,10,186,49,7,1,4146,8
3,56,1,35,1,1,46,20,2,0,11,120,0,4,1,4418,6
4,56,1,35,1,1,46,20,1,11,9,112,49,7,1,4200,7
5,55,1,45,1,1,46,20,1,13,12,287,29,7,1,4395,34
6,55,1,35,1,1,46,20,0,9,9,157,49,7,1,4339,17
7,55,1,45,1,1,46,20,1,1,11,166,49,7,1,4410,22
2,38,2,111,1,1,53,20,0,9,19,51,43,31,1,4193,1652
3,38,2,111,1,1,53,20,11,7,12,117,43,31,1,6486,2978
4,38,2,111,1,1,53,20,7,20,14,104,43,31,1,6013,3294
5,37,2,111,1,1,53,20,7,19,8,123,43,31,1,7665,4479
6,37,2,111,1,1,53,20,2,9,8,117,43,31,1,7146,4947
7,37,2,111,1,1,53,10,18,11,8,176,43,31,1,7761,5029
2,41,2,35,0,1,46,20,0,0,9,228,49,39,0,0,0
3,41,2,35,0,1,46,20,2,1,10,424,60,43,0,0,0
4,41,2,35,0,1,46,20,11,13,8,712,50,9,0,0,0
5,40,2,35,0,1,46,20,0,0,9,506,0,4,0,0,0
6,40,2,38,0,1,46,20,4,1,7,553,40,9,0,0,0
7,40,2,35,0,1,46,20,3,3,2,686,20,9,0,0,0
2,33,2,173,1,0,53,20,9,2,16,107,149,7,1,642,909
3,33,2,116,1,0,346,20,19,9,1,85,99,7,1,1331,2367
4,33,2,113,1,0,346,20,3,15,15,105,119,7,1,1642,2257
5,33,2,202,1,0,66,20,7,1,13,104,279,7,1,7210,6789
6,33,2,286,1,0,66,20,7,2,7,140,209,7,1,7842,9850
7,33,2,193,1,0,66,20,1,11,11,70,209,7,1,7137,6732
2,56,2,35,1,1,336,20,0,1,11,297,30,9,1,4188,10
3,56,2,35,1,1,336,20,7,0,12,420,40,9,1,4476,14
4,56,2,36,1,1,336,20,5,2,16,393,50,9,1,2937,9
5,56,2,35,1,1,336,20,6,2,14,667,40,9,1,4498,33
6,56,2,37,1,1,336,20,1,6,8,521,20,9,1,4362,28
7,56,2,37,1,1,336,20,8,8,1,475,50,9,1,4533,18
2,42,1,114,1,1,127,20,13,8,16,516,0,4,1,7110,955
3,42,1,128,1,1,127,20,1,7,0,689,0,4,1,7408,1478
4,42,1,125,1,1,127,20,8,14,3,792,0,4,1,6275,1471
5,41,1,139,1,1,67,20,7,10,1,741,100,43,1,5406,457
6,41,1,139,1,1,67,20,1,8,1,724,300,43,1,3881,40
7,41,1,137,1,1,67,20,13,13,8,1219,0,4,1,4100,68
2,44,1,69,1,1,345,20,2,10,17,645,50,43,1,2767,1192
3,44,1,69,1,1,345,20,1,7,1,527,50,43,1,1690,924
4,44,1,69,1,1,345,20,1,8,21,264,99,9,1,1066,550
5,44,1,76,1,1,345,20,8,9,4,441,50,43,1,1191,589
6,44,1,79,1,1,345,20,10,4,11,459,100,43,1,1183,854
7,44,1,83,1,1,345,20,14,19,16,752,50,43,1,1733,359
2,24,1,42,1,0,46,20,0,12,10,169,29,39,1,290,114
3,24,1,47,1,0,46,20,9,9,10,244,59,7,1,185,98
4,24,1,44,1,0,46,20,8,7,8,553,29,7,1,0,0
5,23,1,33,1,0,46,20,18,13,18,292,29,7,1,0,0
6,23,1,43,1,0,46,20,13,9,18,218,59,7,1,229,126
7,23,1,44,1,0,46,20,2,10,3,181,29,7,1,408,25
2,63,2,17,0,0,103,20,20,4,3,196,49,7,1,0,0
3,63,2,15,0,0,103,10,3,19,1,52,0,4,1,0,0
4,63,2,15,0,0,103,20,2,7,20,38,0,4,1,0,0
5,62,2,15,0,0,103,20,3,4,15,16,0,4,1,0,0
6,62,2,15,0,0,103,20,22,22,19,27,49,7,1,2494,4
7,62,2,35,0,0,103,20,8,10,0,70,0,4,1,3495,12
2,47,2,90,1,1,345,20,3,12,17,79,50,43,1,5057,1078
3,47,2,130,1,1,345,20,3,8,10,163,150,43,1,6375,676
4,47,2,60,1,1,345,20,2,12,18,211,50,9,1,5576,527
5,46,2,80,1,1,345,20,10,11,17,229,119,29,1,6876,720
6,46,2,92,1,1,66,20,0,15,0,261,50,43,1,7068,938
7,46,2,91,1,1,66,20,0,0,14,367,100,43,1,7811,454
2,32,1,118,1,1,53,10,14,2,0,442,49,7,1,3891,1621
3,32,1,118,1,1,53,20,8,3,12,409,129,7,1,4101,1690
4,32,1,118,1,1,53,20,8,3,11,396,0,4,1,3915,1704
5,32,1,118,1,1,53,20,8,22,3,422,99,7,1,4016,2051
6,32,1,118,1,1,53,20,8,9,7,636,199,7,1,3929,1972
7,32,1,99,1,1,53,20,6,8,8,523,49,7,1,4781,2334
2,42,2,104,1,1,53,20,0,10,10,214,50,43,1,5014,1659
3,42,2,102,1,1,53,20,3,21,18,437,100,43,1,7361,3030
4,42,2,102,1,1,53,20,21,0,8,318,100,43,1,6922,3143
5,41,2,103,1,1,66,20,9,9,11,791,100,43,1,4726,2764
6,41,2,103,1,1,66,20,0,7,0,660,200,43,1,6517,2560
7,41,2,187,1,1,66,10,17,17,2,466,149,7,1,6193,6986
2,39,2,114,1,1,348,20,5,9,11,662,80,43,1,6476,2907
3,39,2,114,1,1,348,20,18,18,11,549,130,43,1,5774,1619
4,39,2,117,1,1,348,20,7,11,1,838,100,9,1,6665,902
5,38,2,94,1,1,66,20,20,12,12,956,129,43,1,5753,661
6,38,2,97,1,1,66,20,4,14,12,1111,50,9,1,6940,863
7,39,2,108,1,1,66,20,2,12,12,1137,130,9,1,8782,1484
2,32,2,237,1,1,140,20,18,14,0,1210,289,7,1,5420,7375
3,32,2,135,1,1,140,20,9,1,12,144,89,7,1,5315,5043
4,32,2,128,1,1,140,20,12,21,21,177,139,39,1,5997,4492
5,32,2,111,1,1,140,20,11,23,21,304,99,39,1,8520,3826
6,32,2,157,1,1,140,20,9,8,0,319,159,7,1,7968,5701
7,32,2,138,1,1,140,20,12,1,12,523,119,7,1,9071,5043
2,53,2,45,1,1,46,20,2,11,5,49,50,9,1,4090,32
3,53,2,45,1,1,46,20,3,7,17,32,50,43,1,5001,71
4,53,2,45,1,1,46,20,4,6,9,62,0,4,1,4479,44
7,53,2,105,1,1,46,20,12,10,22,82,130,43,1,5981,673
2,47,2,51,1,1,43,20,0,12,3,368,49,7,1,3,0
3,47,2,61,1,1,43,20,4,8,16,419,49,7,1,29,16
4,47,2,50,1,1,43,20,4,8,17,371,49,7,1,25,0
5,46,2,57,1,1,43,20,21,8,12,362,49,7,1,61,2
6,46,2,77,1,1,43,20,0,8,19,438,79,7,1,252,28
7,46,2,40,1,1,43,20,0,6,0,359,49,7,1,140,1
2,53,1,110,1,1,140,20,9,15,9,543,129,7,1,5153,784
3,53,1,154,1,1,140,20,3,8,1,1038,149,7,1,7246,1235
4,53,1,110,1,1,140,20,2,3,11,542,349,7,1,6732,345
5,52,1,100,1,1,140,20,1,1,1,167,149,7,1,6877,250
6,52,1,100,1,1,140,20,5,0,6,104,100,50,1,6727,245
7,52,1,91,1,1,66,20,6,0,0,202,150,7,1,8057,547
2,53,1,35,1,1,336,20,1,12,1,107,30,9,0,0,0
3,53,1,35,1,1,336,20,3,20,14,106,30,9,0,0,0
4,53,1,35,1,1,336,20,1,17,4,98,20,9,0,0,0
5,53,1,35,1,1,336,20,2,19,21,103,40,9,0,0,0
6,53,1,35,1,1,336,20,3,21,6,148,30,9,0,0,0
7,53,1,35,1,1,336,20,0,0,20,87,30,9,0,0,0
2,69,1,83,1,1,125,20,1,0,16,302,49,7,1,5009,610
3,69,1,97,1,1,125,10,0,0,13,766,79,7,1,5726,1427
4,69,1,95,1,1,125,20,11,1,1,655,99,7,1,5323,1975
5,68,1,94,1,1,125,20,0,14,22,511,99,7,1,5782,1852
6,68,1,85,1,1,125,20,2,7,7,355,109,7,1,5907,1656
7,68,1,99,1,1,125,20,22,19,19,609,79,7,1,6407,1583
2,33,2,156,1,1,123,20,10,14,10,109,100,43,1,4740,1398
3,33,2,156,1,1,123,20,0,1,5,563,199,43,1,5786,2645
4,33,2,156,1,1,68,20,9,9,9,355,100,43,1,5428,2175
5,32,2,156,1,1,68,20,15,13,13,312,199,7,1,5114,1086
6,32,2,157,1,1,68,20,0,0,0,327,199,43,1,5920,2343
7,32,2,156,1,1,68,20,9,0,2,538,100,43,1,6736,759
2,32,1,109,1,0,46,20,7,8,9,1010,150,43,1,2511,36
3,32,1,75,1,0,46,20,7,8,10,807,100,9,1,2608,33
4,32,1,72,1,0,46,20,11,12,14,871,50,43,1,2703,38
5,31,1,49,1,0,46,20,9,9,9,588,50,43,1,2804,24
6,31,1,54,1,0,46,20,7,7,8,687,50,43,1,2666,32
7,31,1,44,1,0,46,20,8,8,16,518,50,43,1,2825,24
2,37,1,51,1,1,46,20,2,10,9,182,0,4,1,4788,411
3,37,1,110,1,1,46,20,5,5,8,165,99,7,1,5293,722
4,37,1,50,1,1,46,20,1,8,9,205,99,7,1,4813,226
5,37,1,50,1,1,46,20,1,7,7,129,0,4,1,4290,402
6,37,1,115,1,1,46,20,14,15,12,165,149,7,1,4505,1360
7,37,1,95,1,1,46,20,3,3,3,181,50,39,1,5210,728
2,42,1,81,1,1,125,20,0,0,9,311,0,4,1,4877,1380
3,42,1,98,1,1,125,20,0,10,8,467,99,7,1,6313,1953
4,42,1,98,1,1,125,20,9,0,0,876,49,7,1,5282,3093
5,42,1,98,1,1,125,20,15,2,15,792,99,7,1,3289,2002
6,42,1,98,1,1,125,10,7,0,13,835,99,7,1,3069,2291
7,42,1,98,1,1,125,20,0,8,0,304,99,7,1,4236,2177
2,46,1,25,1,1,43,20,1,0,11,157,30,43,1,0,0
3,46,1,26,1,1,43,20,2,7,9,191,0,4,1,38,5
4,46,1,32,1,1,43,20,2,1,10,281,60,43,1,30,5
5,46,1,35,1,1,43,10,2,7,11,297,30,43,1,12,0
6,46,1,42,1,1,43,20,2,7,12,404,50,43,1,30,0
7,46,1,25,1,1,43,10,21,22,9,151,0,4,1,9,0
2,32,2,89,1,1,125,20,0,9,10,71,50,9,1,3127,432
3,32,2,89,1,1,125,20,12,13,12,266,99,7,1,4885,1220
4,32,2,89,1,1,125,20,10,11,0,225,99,7,1,4430,715
5,31,2,89,1,1,125,20,13,10,12,115,129,7,1,3820,637
6,32,2,89,1,1,125,20,20,20,20,167,89,7,1,4299,1284
7,32,2,80,1,1,125,20,3,2,2,186,119,7,1,4579,2313
2,39,1,124,1,1,140,10,19,3,19,121,100,43,1,3419,7208
3,39,1,120,1,1,140,20,3,8,12,112,100,43,1,3261,4168
4,39,1,126,1,1,140,20,0,8,9,478,100,43,1,2600,1757
5,39,1,116,1,1,140,20,0,13,13,541,200,43,1,2782,1841
6,39,1,114,1,1,140,20,0,10,14,448,30,43,1,2931,3833
7,39,1,116,1,1,140,20,1,1,6,254,200,43,1,3994,4469
2,56,2,48,1,1,344,20,16,11,16,225,49,7,1,5657,71
3,56,2,45,1,1,344,20,9,1,9,176,50,43,1,6150,64
4,56,2,45,1,1,344,20,10,1,10,195,29,7,1,5985,81
5,55,2,49,1,1,344,10,10,2,8,247,59,7,1,6230,96
6,55,2,66,1,1,344,10,10,8,10,168,60,9,1,6928,550
7,55,2,45,1,1,344,20,3,3,7,111,49,7,1,7800,101
2,71,1,27,1,0,59,10,1,7,13,434,30,50,1,0,0
3,71,1,24,1,0,59,20,11,3,15,260,0,4,1,0,0
4,71,1,17,1,0,59,20,8,22,20,292,30,50,1,0,0
5,71,1,23,1,0,59,20,2,4,15,461,99,7,1,7,0
6,71,1,33,1,0,59,20,4,6,14,327,0,4,1,0,0
7,71,1,32,1,0,59,20,8,2,8,411,0,4,1,24,0
2,47,2,85,1,1,125,20,3,6,7,121,129,7,1,6632,3461
3,47,2,85,1,1,125,20,2,2,2,155,99,7,1,7077,2835
4,47,2,86,1,1,125,20,10,18,10,48,99,7,1,6843,2137
5,47,2,93,1,1,125,20,2,7,5,117,99,7,1,7153,2278
6,47,2,90,1,1,125,20,17,7,8,204,49,7,1,6701,2775
7,47,2,80,1,1,125,20,18,18,18,61,49,7,1,7002,2385
2,35,2,90,1,1,125,20,0,9,9,416,100,43,1,2545,3257
3,35,2,90,1,1,125,20,4,8,9,591,150,43,1,2796,3993
4,35,2,90,1,1,125,20,0,0,10,288,50,43,1,3012,4877
5,34,2,90,1,1,125,20,4,10,11,324,150,43,1,3016,5469
6,34,2,90,1,1,125,20,10,10,11,531,50,9,1,3178,4763
7,34,2,90,1,1,125,20,12,12,12,349,100,9,1,4092,5678
2,65,2,35,1,1,46,20,6,1,10,450,0,4,0,0,0
3,65,2,35,1,1,46,20,0,10,9,180,0,4,0,0,0
4,65,2,35,1,1,46,20,7,4,12,242,150,43,0,0,0
5,65,2,35,1,1,46,20,6,0,8,304,0,4,0,0,0
6,65,2,35,1,1,46,20,6,3,9,333,50,43,0,0,0
7,65,2,35,1,1,46,20,1,5,5,204,50,9,0,0,0
2,53,1,55,1,1,49,20,2,13,16,445,29,7,1,4111,19
3,53,1,55,1,1,49,20,13,12,13,733,79,7,1,4345,31
4,53,1,55,1,1,49,20,15,15,15,462,29,7,1,4261,21
5,53,1,45,1,1,49,20,6,1,7,381,59,7,1,4347,17
6,53,1,45,1,1,49,20,3,8,8,539,29,7,1,4350,23
7,53,1,45,1,1,49,20,0,0,0,387,59,7,1,4437,18
2,31,1,85,1,1,125,20,6,19,14,99,50,43,1,6194,4335
3,31,1,85,1,1,125,20,18,18,2,256,100,7,1,7344,4548
4,31,1,85,1,1,125,20,16,15,16,255,49,7,1,6438,2169
5,31,1,85,1,1,125,20,3,3,2,244,99,43,1,6793,2145
6,31,1,85,1,1,125,20,4,4,3,123,49,7,1,6512,2058
7,31,1,85,1,1,125,10,4,16,2,210,99,43,1,8183,3460
2,51,2,68,1,0,53,20,2,0,14,44,29,7,1,4128,18
3,51,2,68,1,0,53,20,12,0,19,86,59,7,1,4456,11
4,51,2,68,1,0,53,20,19,0,4,47,89,7,1,4108,37
5,50,2,68,1,0,53,20,12,4,11,68,59,7,1,4318,48
6,51,2,68,1,0,53,20,6,15,12,64,159,7,1,4004,21
7,51,2,68,1,0,53,20,2,2,2,89,29,7,1,4276,44
2,40,2,33,1,0,46,20,8,9,9,223,59,7,1,1277,101
3,40,2,45,1,0,46,20,3,7,10,415,19,29,1,1143,108
4,40,2,33,1,0,46,20,8,2,8,287,59,7,1,1399,102
5,40,2,33,1,0,46,20,2,7,9,296,29,7,1,1175,98
6,40,2,34,1,0,46,20,2,7,9,414,30,9,1,1252,97
7,40,2,41,1,0,46,20,18,18,19,547,49,9,1,2648,148
2,57,2,58,1,1,344,20,3,10,19,62,99,7,1,283,66
3,57,2,58,1,1,344,20,7,0,16,169,0,4,1,709,122
4,57,2,58,1,1,344,20,3,11,12,155,0,4,1,3224,134
5,56,2,58,1,1,344,20,2,8,7,150,49,7,1,4283,79
6,57,2,58,1,1,344,20,4,7,2,155,29,7,1,3263,172
7,57,2,58,1,1,344,20,6,1,6,169,59,7,1,3201,68
2,48,1,123,1,1,345,20,2,7,2,242,149,7,1,5246,1179
3,48,1,123,1,1,345,20,3,7,6,266,149,7,1,5920,1213
4,48,1,83,1,1,346,20,0,6,1,168,49,7,1,5444,1286
5,48,1,83,1,1,346,20,3,7,6,140,49,7,1,5579,1505
6,48,1,83,1,1,346,20,3,5,4,343,79,7,1,5016,1537
7,48,1,83,1,1,346,20,5,5,2,356,49,7,1,5937,1364
2,53,1,35,1,1,46,20,8,2,12,119,0,4,0,0,0
3,53,1,35,1,1,46,20,3,7,17,123,80,43,0,0,0
4,53,1,37,1,1,46,20,2,8,14,104,0,4,0,0,0
5,53,1,43,1,1,46,20,1,9,8,84,50,43,0,0,0
6,53,1,41,1,1,46,20,1,10,10,138,50,43,0,0,0
7,53,1,35,1,1,46,20,1,0,1,51,50,43,0,0,0
2,35,2,18,0,0,334,20,22,23,11,17,59,29,1,3,1
3,35,2,18,0,0,334,20,0,15,12,18,30,43,1,3092,0
4,35,2,18,0,0,334,20,1,18,14,21,30,43,1,3803,1
5,34,2,18,0,0,334,20,9,11,7,31,60,43,1,4414,1
6,34,2,18,0,0,334,20,3,0,0,11,0,4,1,4312,1
7,34,2,18,0,0,334,20,4,2,2,8,50,43,1,3525,2
2,41,2,67,1,1,49,10,7,1,12,250,0,4,1,1266,9
3,41,2,80,1,1,49,20,19,19,19,136,100,43,1,2127,51
4,41,2,77,1,1,49,10,4,1,18,181,100,43,1,3229,37
5,40,2,80,1,1,49,20,1,8,7,385,100,43,1,3347,45
6,40,2,77,1,1,49,20,2,17,11,301,100,9,1,3728,52
7,41,2,77,1,1,49,20,16,16,16,168,0,4,1,1464,8
2,52,2,85,1,1,346,20,2,10,18,38,19,29,1,5528,2180
3,52,2,85,1,1,346,20,18,16,18,59,100,43,1,5554,1180
4,52,2,85,1,1,346,20,0,0,5,35,100,9,1,2517,2044
5,52,2,103,1,1,346,20,7,13,0,51,100,43,1,1870,2509
6,52,2,103,1,1,346,20,0,0,10,68,150,43,1,4981,1858
7,52,2,115,1,1,346,20,7,7,2,46,50,43,1,8137,2302
2,38,1,68,1,0,345,20,23,23,19,206,0,4,1,3551,181
3,38,1,68,1,0,345,20,0,0,7,170,99,7,1,4149,143
4,38,1,68,1,0,345,20,0,20,20,119,199,7,1,4099,255
5,38,1,68,1,0,345,20,12,14,3,84,0,4,1,1944,176
6,38,1,43,1,0,344,20,1,0,7,79,99,7,1,3340,242
7,38,1,43,1,0,344,20,5,8,13,91,99,39,1,3235,109
2,53,1,83,1,0,346,20,2,3,11,111,150,43,1,5236,1216
3,53,1,107,1,0,346,20,1,1,11,152,100,43,1,6280,3631
4,53,1,107,1,0,346,20,15,0,16,173,100,43,1,4943,2114
5,53,1,83,1,0,346,20,1,13,7,232,50,43,1,4340,701
6,53,1,83,1,0,346,20,2,9,10,274,150,43,1,4935,1680
7,53,1,83,1,0,346,20,2,2,8,187,0,4,1,3975,915
2,51,2,118,1,1,127,20,0,4,9,509,129,7,1,5853,819
3,51,2,118,1,1,127,20,18,18,18,372,89,7,1,5433,638
4,51,2,118,1,1,127,20,2,19,12,490,179,7,1,5724,805
5,51,2,118,1,1,127,20,0,7,6,529,79,7,1,5499,471
6,51,2,118,1,1,127,20,9,8,8,820,109,7,1,6239,901
7,51,2,118,1,1,127,20,13,13,13,614,149,7,1,7264,795
2,34,1,90,1,1,125,20,0,4,0,132,99,7,1,3252,2849
3,34,1,90,1,1,125,20,0,0,10,231,99,7,1,3367,2677
4,34,1,90,1,1,125,20,0,1,5,128,109,7,1,3522,2773
5,34,1,90,1,1,125,20,0,11,0,136,129,7,1,3340,1886
6,34,1,90,1,1,125,20,0,11,0,96,89,7,1,3170,1997
7,34,1,90,1,1,125,20,7,7,0,124,139,7,1,4346,1746
2,47,2,84,1,1,125,10,9,2,22,82,49,7,1,3840,262
3,47,2,81,1,1,125,10,23,22,2,204,99,7,1,5156,1224
4,47,2,83,1,1,125,10,0,7,22,129,79,7,1,5208,1694
5,47,2,83,1,1,125,20,5,7,7,166,129,7,1,5362,1394
6,47,2,83,1,1,125,20,1,7,0,254,99,7,1,5413,1561
7,47,2,85,1,1,125,20,0,7,0,263,0,4,1,5680,1527
2,63,1,30,1,1,46,20,4,8,8,716,49,7,1,0,0
3,63,1,30,1,1,46,20,3,10,17,1446,0,4,1,0,0
4,63,1,30,1,1,46,20,10,2,6,742,49,7,1,3,0
5,63,1,30,1,1,46,20,14,16,13,682,0,4,1,0,0
6,63,1,32,1,1,46,20,2,9,10,491,50,9,1,35,39
7,63,1,32,1,1,46,20,9,9,9,562,50,9,1,18,0
2,37,1,101,1,1,53,20,0,1,0,423,99,7,1,4645,1346
3,37,1,101,1,1,53,20,5,11,3,622,99,7,1,4531,1323
4,37,1,102,1,1,53,20,0,16,1,605,199,7,1,5028,1187
5,36,1,98,1,1,53,20,9,0,19,465,99,7,1,4907,892
6,36,1,98,1,1,53,20,23,23,21,380,149,7,1,5047,2101
7,36,1,102,1,1,53,20,0,10,0,478,199,7,1,7060,2416
2,31,2,20,0,1,326,20,0,13,15,197,0,4,0,0,0
3,31,2,20,0,1,326,20,0,16,7,182,0,4,0,0,0
4,31,2,20,0,1,326,20,1,13,12,127,0,4,0,0,0
5,31,2,20,0,1,326,20,1,8,9,210,0,4,0,0,0
6,31,2,20,0,1,326,20,0,8,10,191,0,4,0,0,0
7,31,2,20,0,1,326,20,3,3,8,171,99,7,0,204,0
2,45,1,92,1,1,345,20,16,16,17,526,49,7,1,4265,47
3,45,1,78,1,1,345,20,0,0,8,423,50,9,1,4884,218
4,45,1,64,1,1,345,20,2,10,12,226,49,6,1,4744,255
5,44,1,78,1,1,345,20,8,17,0,446,99,23,1,4477,19
6,44,1,85,1,1,345,20,3,1,20,559,100,9,1,4365,22
7,44,1,128,1,1,345,20,0,21,0,1277,99,58,1,5717,131
2,47,2,85,1,1,53,20,2,10,10,304,49,7,1,5165,216
3,47,2,85,1,1,53,20,0,18,1,633,89,7,1,6318,718
4,47,2,85,1,1,53,20,2,10,10,450,80,9,1,5653,684
5,46,2,86,1,1,53,20,8,10,9,383,59,7,1,5669,509
6,46,2,85,1,1,53,20,2,0,21,412,79,7,1,6096,966
7,46,2,85,1,1,53,20,0,0,12,391,89,7,1,6313,879
2,63,2,70,1,1,59,10,0,0,14,206,0,4,1,3985,10
3,63,2,69,1,1,59,20,8,7,16,95,100,9,1,4543,5
4,63,2,69,1,1,59,10,2,8,13,247,0,4,1,4342,9
5,63,2,69,1,1,59,10,0,6,13,258,30,9,1,4497,10
6,63,2,70,1,1,59,10,6,7,6,243,100,9,1,4356,10
7,63,2,45,1,1,59,10,0,0,1,275,100,9,1,4492,11
2,42,2,35,1,1,46,20,2,8,8,105,0,4,1,1203,287
3,42,2,35,1,1,46,20,1,7,7,157,0,4,1,1257,499
4,42,2,35,1,1,46,20,0,6,19,231,99,7,1,1356,293
5,41,2,35,1,1,46,20,0,6,6,183,0,4,1,1455,491
6,41,2,37,1,1,46,20,6,1,12,295,49,7,1,2005,615
7,42,2,35,1,1,46,20,1,1,6,124,49,7,1,2805,610
2,61,2,25,0,1,43,20,2,20,20,94,0,4,1,0,0
3,61,2,25,0,1,43,20,2,11,8,111,0,4,1,0,0
4,61,2,25,0,1,43,20,2,12,9,62,49,7,1,0,0
5,60,2,25,0,1,43,20,2,8,8,180,0,4,1,3,0
6,60,2,25,0,1,43,20,15,19,13,282,0,4,1,0,0
7,60,2,25,0,1,43,20,11,8,11,196,49,7,1,1659,11
2,39,2,85,1,1,346,20,0,7,7,702,89,7,1,4466,1268
3,39,2,102,1,1,346,20,2,7,11,1375,89,7,1,5133,1747
4,39,2,90,1,1,346,20,7,7,1,892,119,7,1,5002,2218
5,38,2,90,1,1,346,20,0,8,7,1006,89,7,1,5316,1648
6,39,2,103,1,1,346,20,3,5,10,929,109,7,1,5046,1959
7,39,2,86,1,1,346,10,1,1,1,816,109,7,1,5808,1524
2,42,2,76,1,1,346,20,1,1,2,134,129,6,1,977,400
3,42,2,91,1,1,346,20,9,9,13,151,50,43,1,17,12
4,42,2,91,1,1,346,20,6,0,0,146,70,43,1,247,138
5,42,2,91,1,1,346,20,10,11,18,98,100,43,1,507,204
6,42,2,91,1,1,346,20,11,9,15,61,60,43,1,342,206
7,42,2,91,1,1,346,20,17,7,8,141,120,43,1,403,95
2,66,2,18,1,1,103,20,0,15,12,97,0,4,0,0,0
3,66,2,50,1,1,103,20,3,0,12,473,49,7,0,0,0
4,66,2,20,1,1,103,20,2,1,16,216,0,4,0,0,0
5,66,2,25,1,1,103,20,4,11,16,228,49,7,0,0,0
6,66,2,26,1,1,103,20,2,5,6,350,49,7,0,4,0
7,66,2,37,1,1,103,20,4,4,23,390,0,4,0,2,0
2,51,2,515,1,1,53,20,3,10,4,472,648,7,1,4956,1204
3,51,2,111,1,1,140,20,0,0,10,839,99,7,1,4461,947
4,51,2,153,1,1,140,20,7,8,7,1095,99,7,1,4233,885
5,50,2,164,1,1,140,20,6,16,10,1431,100,9,1,4282,1328
6,51,2,167,1,1,140,20,7,12,6,1366,149,7,1,4295,1252
7,51,2,110,1,1,140,20,6,18,6,784,199,9,1,4324,743
2,42,2,78,1,1,53,20,9,9,9,376,99,7,1,3704,247
3,42,2,89,1,1,53,20,8,8,2,443,149,7,1,4029,770
4,42,2,88,1,1,53,20,22,18,17,601,0,4,1,1643,59
5,41,2,88,1,1,53,10,2,2,15,538,249,7,1,69,5
6,42,2,88,1,1,53,20,1,7,0,687,0,4,1,4992,529
7,42,2,89,1,1,53,10,13,18,14,637,29,7,1,5853,391
2,46,2,119,1,1,127,20,8,12,7,675,99,7,1,4671,1038
3,46,2,118,1,1,127,20,9,3,9,363,199,7,1,5003,473
4,46,2,118,1,1,127,20,8,8,8,483,99,7,1,4695,338
5,45,2,118,1,1,127,20,8,10,1,369,199,7,1,4683,715
6,45,2,118,1,1,127,20,0,8,12,358,99,7,1,4927,1136
7,45,2,111,1,1,127,20,0,0,14,252,99,7,1,5565,1347
2,37,1,46,1,1,49,20,3,18,9,276,49,7,1,485,56
3,37,1,46,1,1,49,20,1,8,8,571,49,7,1,1830,224
4,37,1,46,1,1,49,20,0,8,11,314,49,7,1,2010,245
5,37,1,46,1,1,49,20,0,0,7,527,49,7,1,2002,188
6,37,1,46,1,1,49,20,3,6,17,340,49,7,1,1406,107
7,37,1,47,1,1,49,20,20,20,20,579,49,7,1,1685,106
2,35,2,88,1,0,345,20,11,11,13,349,199,39,1,5571,1194
3,35,2,64,1,0,345,20,1,7,12,520,0,4,1,6584,461
4,35,2,77,1,0,345,20,7,11,7,565,0,4,1,6934,524
5,35,2,66,1,0,345,20,3,7,7,363,100,43,1,6917,686
6,35,2,91,1,0,345,20,15,15,15,628,100,43,1,6958,526
7,35,2,72,1,0,345,20,11,7,0,491,100,43,1,8285,552
2,44,1,118,1,0,348,20,3,7,8,238,149,39,1,3257,2312
3,44,1,118,1,0,348,20,8,1,9,260,99,7,1,3429,3299
4,44,1,120,1,0,348,20,2,0,0,372,99,7,1,3535,4455
5,43,1,118,1,0,348,20,0,0,0,331,99,7,1,3725,5960
6,43,1,106,1,0,348,20,0,0,0,316,99,7,1,3689,5828
7,43,1,116,1,0,348,10,0,12,0,444,99,7,1,4731,5135
2,66,2,35,0,1,46,20,2,0,11,175,50,43,0,0,0
3,66,2,35,0,1,46,20,1,1,11,152,30,43,0,1,0
4,66,2,35,0,1,46,20,1,0,11,484,30,43,0,0,0
5,66,2,39,0,1,46,20,7,3,11,117,30,43,0,2,0
6,66,2,39,0,1,46,20,1,0,9,54,50,43,0,19,0
7,66,2,35,0,1,46,20,2,0,2,109,50,43,0,62,0
2,47,2,120,1,1,53,20,8,1,12,297,149,7,1,5664,1632
3,47,2,80,1,1,53,20,7,8,20,839,49,29,1,6839,1042
4,47,2,166,1,1,53,20,6,8,11,897,199,7,1,2418,1711
5,47,2,100,1,1,66,20,10,18,12,649,99,7,1,4447,2615
6,47,2,100,1,1,66,20,7,2,7,613,149,7,1,6277,3054
7,47,2,99,1,1,66,20,7,4,4,397,49,7,1,7028,3418
2,38,2,108,1,1,157,20,1,8,9,161,199,7,1,1233,953
3,38,2,108,1,1,157,20,25,25,25,239,79,7,1,2476,2414
4,38,2,108,1,1,157,20,8,8,18,209,59,7,1,1923,1971
5,38,2,108,1,1,157,20,0,12,18,376,129,7,1,491,217
6,38,2,108,1,1,157,20,6,12,10,618,99,7,1,1412,3079
7,38,2,108,1,1,157,20,8,8,16,449,99,9,1,1217,2411
2,55,2,45,1,1,344,20,0,16,1,151,0,4,1,2913,66
3,55,2,43,1,1,344,20,5,0,12,134,0,4,1,2468,84
4,55,2,43,1,1,344,20,1,13,13,98,49,7,1,2206,88
5,55,2,43,1,1,344,20,17,12,13,105,0,4,1,1956,76
6,55,2,47,1,1,344,10,10,21,12,104,0,4,1,2019,62
7,55,2,45,1,1,344,20,9,9,11,190,50,9,1,5161,426
2,44,2,86,1,1,125,20,3,8,11,113,50,43,1,2606,123
3,44,2,86,1,1,125,20,0,9,10,95,100,43,1,2906,80
4,44,2,86,1,1,125,20,1,17,8,68,50,9,1,2637,14
5,44,2,86,1,1,125,20,0,8,11,112,100,9,1,2455,22
6,44,2,86,1,1,125,20,3,15,9,104,100,43,1,2679,40
7,44,2,86,1,1,125,20,8,8,12,164,50,43,1,2735,63
2,27,1,106,1,0,127,10,10,2,2,224,99,7,1,639,822
3,27,1,106,1,0,127,20,3,8,6,304,99,7,1,2296,2340
4,27,1,106,1,0,127,20,0,7,10,358,99,7,1,1774,1815
5,26,1,106,1,0,127,20,0,8,7,308,99,7,1,1814,2368
6,26,1,106,1,0,127,20,8,0,8,372,199,7,1,1935,2996
7,26,1,106,1,0,127,20,0,13,8,365,99,6,1,2878,2644
2,42,2,50,1,1,46,20,0,13,20,137,0,4,1,2349,556
3,42,2,49,1,1,46,20,2,9,11,112,0,4,1,711,321
4,42,2,85,1,1,346,20,25,25,25,11,100,43,1,2541,1358
5,42,2,85,1,1,346,20,25,25,25,33,100,43,1,2061,947
6,42,2,85,1,1,346,10,17,12,17,78,0,4,1,2230,640
7,42,2,85,1,1,346,20,0,0,21,90,100,43,1,4760,976
2,36,1,99,1,0,53,20,8,19,19,239,89,7,1,7271,8896
3,36,1,99,1,0,53,20,0,12,0,270,109,43,1,8266,9507
4,36,1,99,1,0,53,20,1,8,14,307,89,7,1,7667,6812
5,35,1,99,1,0,53,20,0,18,15,310,109,43,1,6999,6073
6,35,1,99,1,0,53,20,1,2,22,249,69,43,1,4319,3098
7,35,1,99,1,0,53,20,0,0,2,225,119,7,1,6116,3977
2,41,2,48,1,1,49,20,1,9,1,147,100,43,0,109,0
3,41,2,57,1,1,49,20,19,14,13,354,0,4,0,37,0
4,41,2,48,1,1,49,20,9,22,1,92,100,43,0,80,0
5,41,2,48,1,1,49,20,2,21,16,210,100,9,0,27,0
6,41,2,52,1,1,49,20,1,13,12,412,0,4,0,5,1
7,41,2,40,1,1,49,20,4,4,10,363,100,43,0,32,0
2,30,1,116,1,1,127,20,2,15,8,102,119,7,1,952,809
3,30,1,105,1,1,127,20,2,11,8,211,179,7,1,1195,1030
4,30,1,117,1,1,67,20,13,9,4,152,129,7,1,1176,1437
5,30,1,117,1,1,67,20,1,19,10,199,169,7,1,1030,989
6,30,1,117,1,1,67,20,1,15,13,330,149,7,1,1079,1010
7,30,1,118,1,1,67,20,2,2,8,325,179,7,1,1502,566
2,43,2,85,1,1,125,20,4,16,9,142,0,4,1,1917,838
3,43,2,85,1,1,125,20,7,18,0,253,100,43,1,2114,1376
4,43,2,85,1,1,125,20,7,0,8,178,50,43,1,3818,1554
5,43,2,85,1,1,125,20,16,9,8,136,100,43,1,5393,1455
6,43,2,85,1,1,125,20,7,7,0,72,100,43,1,4107,1945
7,43,2,85,1,1,125,20,7,7,11,237,100,43,1,7638,2036
3,47,2,165,1,1,53,20,0,0,10,2422,199,29,1,5981,321
4,47,2,181,1,1,53,20,13,14,10,2994,199,20,1,4912,245
5,47,2,210,1,1,53,20,0,18,0,3483,400,43,1,6257,574
6,47,2,137,1,1,53,20,3,9,21,2322,0,4,1,6413,1104
2,41,2,86,1,1,125,20,13,1,0,317,49,7,1,4143,930
3,41,2,86,1,1,125,20,1,2,0,510,99,7,1,4848,1114
4,41,2,86,1,1,125,20,8,4,7,274,79,7,1,4383,1068
5,40,2,88,1,1,125,20,0,0,0,431,89,7,1,4622,1593
6,40,2,86,1,1,125,20,2,15,7,398,79,7,1,4779,1231
7,40,2,86,1,1,125,20,3,3,7,459,129,7,1,4963,1095
2,33,2,78,1,1,125,20,2,10,10,87,49,7,1,5140,1165
3,33,2,78,1,1,125,10,18,18,22,160,149,43,1,6197,1524
4,33,2,78,1,1,125,20,19,17,18,89,49,7,1,6252,2076
5,33,2,78,1,1,125,20,2,2,2,80,99,7,1,7147,3298
6,33,2,78,1,1,125,20,1,5,1,166,99,7,1,6803,2747
7,33,2,80,1,1,125,20,0,0,0,234,99,7,1,8808,4929
2,37,1,18,1,1,60,20,0,9,0,628,29,7,1,4156,23
3,37,1,32,1,1,60,20,16,15,17,965,29,7,1,2940,28
4,37,1,24,1,1,60,20,23,23,7,788,20,9,1,3708,32
5,36,1,14,1,1,60,20,7,8,2,736,0,4,1,3496,20
6,37,1,10,1,1,60,20,14,7,1,598,30,9,1,4207,24
7,37,1,12,1,1,60,20,0,6,4,432,0,4,1,3740,14
2,36,1,91,1,1,125,20,4,9,9,232,119,7,1,5195,2179
3,36,1,91,1,1,125,20,8,0,0,271,119,7,1,5254,2334
4,36,1,92,1,1,125,20,9,0,21,380,149,7,1,5213,1744
5,35,1,91,1,1,125,20,16,16,17,373,119,7,1,5780,1955
6,35,1,90,1,1,125,20,1,9,1,377,119,7,1,4924,2115
7,35,1,91,1,1,125,20,1,1,6,390,119,7,1,5969,1982
2,57,2,40,1,1,344,20,9,8,12,149,0,4,1,309,3
3,57,2,135,1,1,344,10,21,21,4,708,100,43,1,2864,436
4,57,2,112,1,1,344,10,1,7,15,930,50,9,1,660,44
5,57,2,162,1,1,344,10,2,5,6,1204,149,9,1,841,16
6,57,2,93,1,1,344,20,1,12,17,927,100,9,1,2028,20
7,57,2,68,1,1,344,20,0,0,17,818,100,9,1,1543,11
2,44,2,15,0,0,103,20,1,11,10,116,0,4,0,0,0
3,44,2,15,0,0,103,20,2,13,11,63,0,4,0,0,0
4,44,2,15,0,0,103,20,1,10,10,72,29,7,0,2,0
5,43,2,15,0,0,103,20,1,10,9,111,0,4,0,0,0
6,44,2,15,0,0,103,20,1,18,12,61,29,7,0,8,0
7,44,2,15,0,0,103,20,0,10,10,98,0,4,0,6,0
2,36,2,47,1,0,43,20,19,20,3,279,0,4,0,0,0
3,36,2,70,1,0,43,20,4,12,18,533,0,4,0,0,0
4,36,2,61,1,0,43,20,4,18,7,539,0,4,0,0,0
5,36,2,66,1,0,43,20,11,11,2,691,99,7,0,0,0
6,36,2,54,1,0,43,20,10,14,10,461,0,4,0,0,0
7,36,2,69,1,0,43,20,5,3,5,645,149,7,0,0,0
2,32,2,92,1,1,53,20,7,1,8,244,99,7,1,2575,1339
3,32,2,92,1,1,53,20,10,2,7,428,99,7,1,5555,1391
4,32,2,92,1,1,53,20,8,9,8,303,99,7,1,7078,1060
5,31,2,82,1,1,53,20,7,20,20,349,99,7,1,5406,1147
6,31,2,82,1,1,53,20,7,1,8,655,0,4,1,5488,987
7,31,2,113,1,1,53,20,7,7,8,580,199,7,1,6108,1883
2,32,2,84,1,1,53,20,9,8,14,285,99,7,1,1304,468
3,32,2,84,1,1,53,20,8,17,8,566,99,7,1,2131,865
4,32,2,84,1,1,53,20,8,3,2,342,0,4,1,2220,1083
5,32,2,84,1,1,53,20,12,12,0,346,99,7,1,1602,1420
6,32,2,83,1,1,53,20,2,9,19,286,99,7,1,1538,1299
7,32,2,133,1,1,53,20,7,7,3,251,99,7,1,2442,2081
2,49,2,95,1,1,125,10,9,10,3,571,99,7,1,3469,2139
3,49,2,95,1,1,125,10,2,8,7,680,49,7,1,3454,1556
4,49,2,105,1,1,125,10,0,0,10,565,99,7,1,3741,1123
5,49,2,137,1,1,125,20,2,7,9,554,149,7,1,4019,990
6,49,2,137,1,1,125,20,1,7,8,925,149,7,1,4133,1097
7,49,2,149,1,1,125,20,1,1,1,961,149,7,1,4393,647
2,45,2,35,1,1,336,20,0,0,5,476,0,4,1,3932,29
3,45,2,35,1,1,336,20,9,7,12,458,0,4,1,4368,24
4,45,2,53,1,1,336,20,9,2,11,666,0,4,1,4272,38
5,44,2,76,1,1,336,20,0,13,19,816,99,7,1,4462,45
6,44,2,53,1,1,336,20,1,7,7,625,49,7,1,4228,49
7,44,2,61,1,1,336,20,22,12,22,653,49,7,1,4483,69
2,57,2,134,0,1,294,20,1,17,11,68,200,43,1,347,44
3,57,2,60,0,1,345,20,13,3,10,44,0,4,1,3420,368
4,57,2,60,0,1,345,20,4,9,8,27,200,43,1,4543,599
5,56,2,60,0,1,345,20,3,8,2,57,0,4,1,4667,47
6,56,2,60,0,1,345,20,2,9,17,33,0,4,1,4415,53
7,57,2,60,0,1,345,20,17,17,18,222,200,43,1,4728,134
2,44,2,36,1,1,46,20,0,5,6,232,0,4,1,0,0
3,44,2,36,1,1,46,20,0,1,8,502,0,4,1,0,0
4,44,2,49,1,1,46,10,21,8,14,430,99,7,1,0,0
5,43,2,64,1,1,46,10,19,1,6,730,129,7,1,0,0
6,43,2,118,1,1,46,20,22,23,10,413,0,4,1,1386,808
7,43,2,109,1,1,46,20,18,7,18,175,99,7,1,381,719
2,49,1,75,1,0,53,20,12,10,9,45,30,43,1,443,125
3,49,1,75,1,0,53,20,14,2,13,41,200,43,1,553,296
4,49,1,75,1,0,53,20,23,8,2,44,0,4,1,653,251
5,48,1,75,1,0,53,20,11,1,11,43,100,43,1,976,240
6,48,1,75,1,0,53,20,1,0,15,33,0,4,1,780,153
7,49,1,75,1,0,53,20,0,15,0,42,100,43,1,1302,354
2,34,2,47,1,1,46,20,12,4,16,265,29,23,1,3762,114
3,34,2,65,1,1,46,10,0,14,6,302,548,23,1,5104,209
4,34,2,87,1,1,346,20,3,7,13,284,29,7,1,6708,1006
5,33,2,87,1,1,346,20,12,12,3,240,149,23,1,4635,534
6,33,2,88,1,1,346,20,2,14,10,424,0,4,1,5732,755
7,33,2,87,1,1,346,10,9,11,9,325,109,7,1,7569,2566
2,52,2,91,1,0,53,20,10,9,3,56,99,7,1,1209,595
3,52,2,91,1,0,53,20,20,17,17,189,149,43,1,927,165
4,52,2,91,1,0,53,20,1,7,8,103,99,7,1,643,124
5,52,2,91,1,0,53,20,1,2,8,76,0,4,1,1068,240
6,52,2,91,1,0,53,20,2,1,4,28,99,7,1,458,57
7,52,2,38,1,0,344,20,7,0,7,41,50,9,1,380,35
2,42,2,95,1,1,53,20,2,12,19,395,50,43,1,7236,1381
3,42,2,105,1,1,53,20,2,8,16,395,179,43,1,7719,2101
4,42,2,105,1,1,53,20,2,8,10,542,0,4,1,6960,2182
5,42,2,106,1,1,53,20,13,8,7,695,150,43,1,7330,1636
6,42,2,105,1,1,53,20,1,1,13,720,100,43,1,7467,1186
7,42,2,105,1,1,53,20,0,0,8,570,100,43,1,8803,1923
2,28,1,103,1,1,53,20,17,16,16,44,99,7,1,649,685
3,28,1,103,1,1,53,20,6,5,1,53,49,7,1,1312,2558
4,28,1,103,1,1,53,20,0,8,8,26,99,7,1,1413,2820
5,28,1,103,1,1,53,20,17,17,20,65,99,7,1,1476,2490
6,28,1,103,1,1,53,20,11,11,21,34,99,7,1,1235,2144
7,28,1,103,1,1,53,20,1,18,6,127,199,7,1,1633,2304
2,33,2,19,0,1,59,20,0,0,0,513,0,4,0,0,0
3,33,2,15,0,1,59,20,8,2,9,875,0,4,0,0,0
4,33,2,15,0,1,59,20,0,8,0,664,0,4,0,0,0
5,32,2,18,0,1,59,20,1,8,16,809,0,4,0,0,0
6,32,2,17,0,1,59,20,1,0,13,851,0,4,0,0,0
7,32,2,18,0,1,59,20,9,1,9,1142,0,4,0,0,0
2,39,1,75,1,1,53,20,2,10,10,123,79,7,1,5189,193
3,39,1,75,1,1,53,20,2,14,14,253,99,7,1,6012,154
4,39,1,75,1,1,53,20,8,1,10,223,79,7,1,6469,249
5,38,1,75,1,1,53,20,2,8,7,259,49,7,1,6654,500
6,38,1,75,1,1,53,20,1,8,8,234,99,7,1,6663,535
7,39,1,81,1,1,53,20,1,8,9,335,49,7,1,7698,588
2,34,1,120,1,1,127,20,2,3,14,654,99,7,1,6259,2706
3,34,1,134,1,1,127,20,11,5,0,775,129,7,1,5712,2461
4,34,1,130,1,1,127,20,22,14,0,684,179,7,1,5567,1700
5,34,1,106,1,1,127,10,0,14,10,657,49,7,1,6897,2080
6,34,1,100,1,1,127,10,20,18,7,380,109,7,1,6644,1454
7,34,1,122,1,1,127,20,21,3,14,1076,131,7,1,8090,1835
2,38,1,45,1,1,336,20,1,0,5,178,50,43,1,7170,1200
3,38,1,163,1,1,336,20,1,2,7,313,150,43,1,2937,770
4,38,1,70,1,1,336,20,3,1,5,154,50,9,1,1824,894
5,38,1,41,1,1,60,20,1,4,10,136,30,43,1,3112,6
6,38,1,55,1,1,191,20,1,10,20,204,80,9,1,4259,30
7,38,1,55,1,1,191,20,2,11,2,326,50,43,1,4486,35
2,28,2,32,0,1,43,20,1,1,3,27,0,4,0,0,0
3,28,2,32,0,1,43,20,2,13,10,51,0,4,0,0,0
4,28,2,32,0,1,43,20,6,2,12,36,0,4,0,0,0
5,27,2,32,0,1,43,20,3,13,10,30,39,43,0,0,0
6,27,2,32,0,1,43,20,0,15,14,35,49,7,0,0,0
7,28,2,32,0,1,43,20,11,2,2,60,0,4,0,0,0
2,41,2,80,1,1,53,20,1,2,20,159,49,7,1,422,174
3,41,2,80,1,1,53,20,3,20,18,22,149,7,1,539,79
4,41,2,80,1,1,53,20,0,6,8,58,0,4,1,687,35
5,40,2,80,1,1,53,20,1,3,14,139,199,7,1,738,473
6,40,2,80,1,1,53,20,19,0,19,86,0,4,1,1671,153
7,41,2,80,1,1,53,20,1,19,1,125,99,7,1,2205,245
2,33,2,32,1,0,343,10,23,23,23,40,50,43,1,187,0
3,33,2,153,1,0,140,20,2,9,19,257,630,43,1,4258,5444
4,33,2,108,1,0,140,20,0,3,2,343,30,43,1,4137,1027
5,33,2,108,1,0,140,20,22,0,1,724,150,43,1,4648,4578
6,33,2,108,1,1,140,20,6,4,7,614,100,43,1,4787,6746
7,33,2,126,1,1,140,20,19,19,2,333,149,43,1,5098,4514
2,55,2,12,0,1,103,20,9,4,15,459,0,4,1,355,274
3,55,2,12,0,1,103,20,1,0,1,247,30,43,1,2119,180
4,55,2,95,0,1,103,20,1,8,9,222,100,43,1,3858,554
5,55,2,12,0,1,103,20,1,9,7,339,0,4,1,4047,129
6,55,2,12,0,1,103,20,3,8,17,148,0,4,1,4328,30
7,55,2,12,0,1,103,20,3,3,8,320,0,4,1,4898,37
2,30,1,89,1,1,125,20,2,6,12,61,59,7,1,4702,1439
3,30,1,89,1,1,125,20,4,2,10,122,109,7,1,4930,1541
4,30,1,88,1,1,125,20,2,7,9,118,79,7,1,4972,1785
5,29,1,78,1,1,125,20,1,7,11,147,99,7,1,4841,1911
6,29,1,77,1,1,125,20,19,19,11,118,99,7,1,5587,2096
7,30,1,79,1,1,125,20,0,0,7,61,49,7,1,3463,1949
2,40,2,104,1,1,125,20,2,10,11,166,100,43,1,7586,1944
3,40,2,104,1,1,125,20,4,10,10,447,80,43,1,8503,1991
4,40,2,103,1,1,125,20,1,10,9,270,100,43,1,7863,1848
5,39,2,117,1,1,66,20,15,15,10,264,100,43,1,7984,3702
6,39,2,146,1,1,66,20,3,6,8,369,149,9,1,6222,2933
7,39,2,96,1,1,66,20,6,6,7,411,50,43,1,8358,2112
2,59,2,32,1,1,93,10,0,8,9,106,29,7,0,0,0
3,59,2,33,1,1,93,10,10,11,2,186,99,7,0,0,0
4,59,2,35,1,1,93,10,9,9,1,182,0,4,0,3,0
5,59,2,45,1,1,93,20,9,7,17,268,49,7,0,16,2
6,59,2,41,1,1,93,20,6,21,16,314,0,4,0,16,0
7,59,2,53,1,1,93,10,2,2,17,143,99,9,0,219,14
2,38,1,45,0,1,344,20,19,18,4,53,50,43,1,158,164
3,38,1,45,0,1,344,20,21,0,23,95,50,43,1,3276,16
4,38,1,45,0,1,344,20,7,5,7,82,50,43,1,4345,41
5,38,1,45,0,1,344,20,6,13,1,115,30,43,1,4474,130
6,38,1,45,0,1,344,20,5,7,6,60,50,43,1,4706,184
7,38,1,45,0,1,344,20,0,0,0,68,50,43,1,5632,117
2,29,1,44,1,0,49,20,6,0,18,142,0,4,1,4705,138
3,29,1,54,1,0,49,20,19,21,20,214,100,43,1,4768,212
4,29,1,54,1,0,49,20,0,0,7,180,50,43,1,4832,253
5,28,1,54,1,0,49,20,0,17,12,132,30,43,1,5251,140
6,28,1,54,1,0,49,20,0,0,4,134,50,43,1,5365,148
7,28,1,54,1,0,49,20,0,0,7,189,50,43,1,5706,271
2,53,2,177,1,1,46,20,14,2,18,107,149,7,1,776,152
3,53,2,78,1,1,46,20,13,11,14,116,49,7,1,307,48
4,53,2,78,1,1,46,20,12,19,12,268,49,7,1,64,35
5,53,2,55,1,1,46,20,11,22,10,169,149,7,1,975,240
6,53,2,45,1,1,344,20,11,12,9,100,0,4,1,728,132
7,53,2,45,1,1,344,20,11,11,16,130,99,7,1,860,150
2,43,2,20,1,1,343,20,1,6,14,145,29,7,1,0,0
3,43,2,21,1,1,343,20,2,1,10,140,0,4,1,0,0
4,43,2,20,1,1,343,20,3,2,14,74,49,7,1,0,0
5,42,2,20,1,1,343,10,5,0,13,150,0,4,1,0,0
6,42,2,22,1,1,343,20,0,8,15,156,0,4,1,0,0
7,42,2,50,1,1,343,20,2,2,7,119,99,7,1,553,45
2,41,2,78,1,1,53,20,3,10,10,550,99,7,1,4835,906
3,41,2,79,1,1,53,20,0,8,14,521,49,7,1,5246,1479
4,41,2,78,1,1,53,20,0,0,1,756,99,7,1,5008,672
5,40,2,79,1,1,53,20,14,1,1,1185,29,39,1,5517,1298
6,40,2,77,1,1,53,20,22,7,17,642,99,7,1,6082,1644
7,40,2,88,1,1,53,20,8,1,8,644,49,7,1,6285,1632
2,36,1,48,1,0,344,20,1,10,18,45,50,43,1,3830,132
3,36,1,48,1,0,344,20,12,2,14,40,30,43,1,4356,110
4,36,1,48,1,0,344,20,15,2,21,84,60,43,1,3983,30
5,35,1,48,1,0,344,20,14,20,13,160,50,43,1,3743,6
6,35,1,48,1,0,344,20,2,10,11,78,50,43,1,3421,3
7,35,1,48,1,0,344,20,1,7,1,56,50,43,1,3764,2
2,31,2,43,1,1,49,20,9,13,7,76,49,7,1,1328,1197
3,31,2,53,1,1,49,20,0,23,11,139,49,7,1,1531,477
4,31,2,53,1,1,49,20,16,10,20,190,49,7,1,1410,330
5,31,2,53,1,1,49,20,13,13,13,179,49,7,1,1547,491
6,31,2,53,1,1,49,20,0,0,7,338,49,7,1,2407,859
7,31,2,77,1,1,49,20,2,2,1,477,99,7,1,2392,647
2,56,1,35,1,1,43,20,0,12,20,241,99,6,0,0,0
3,56,1,40,1,1,43,20,0,4,13,374,0,4,0,0,0
4,56,1,49,1,1,43,20,14,19,2,501,49,6,0,0,0
5,55,1,44,1,1,43,20,8,2,6,705,100,43,0,0,0
6,55,1,56,1,1,43,20,1,12,23,588,0,4,0,0,0
7,55,1,84,1,1,43,20,18,17,18,1030,100,43,0,82,0
2,62,2,78,1,1,125,10,9,0,10,635,149,9,1,4591,265
3,62,2,85,1,1,125,10,2,9,11,703,0,4,1,5401,181
4,62,2,85,1,1,125,20,5,0,0,526,129,9,1,4195,199
5,61,2,87,1,1,125,20,0,3,10,517,59,7,1,4100,195
6,61,2,87,1,1,125,20,16,20,17,757,79,7,1,4686,143
7,62,2,87,1,1,125,10,7,19,7,905,79,7,1,6436,208
2,45,1,106,1,0,127,20,0,1,13,35,49,7,1,2341,3046
3,45,1,106,1,0,127,20,1,19,1,137,179,7,1,2884,2604
4,45,1,106,1,0,127,20,2,8,12,142,49,39,1,2473,2983
5,44,1,99,1,0,66,20,19,19,19,69,59,7,1,6632,2961
6,44,1,158,1,0,66,20,14,14,14,74,179,7,1,6807,4986
7,44,1,97,1,0,66,20,3,6,3,81,89,7,1,6962,2786
2,44,2,110,1,1,348,20,0,18,0,371,129,9,1,4316,4142
3,44,2,117,1,1,348,20,17,17,23,465,129,7,1,5376,6243
4,44,2,109,1,1,348,20,0,19,19,318,99,7,1,5269,2973
5,44,2,148,1,1,348,20,0,0,0,364,179,7,1,5459,3021
6,44,2,110,1,1,348,20,0,0,15,297,50,9,1,5359,2532
7,44,2,271,1,1,60,20,1,0,0,289,299,7,1,1599,620
2,71,2,10,0,1,294,20,5,4,0,108,20,9,0,0,0
3,71,2,10,0,1,294,20,0,1,0,93,0,4,0,0,0
4,71,2,10,0,1,294,20,1,9,5,294,20,9,0,0,0
5,71,2,10,0,1,294,20,1,15,5,50,0,4,0,0,0
6,71,2,10,0,1,294,20,3,9,9,161,0,4,0,0,0
7,71,2,10,0,1,294,20,15,1,1,354,10,9,0,0,0
2,41,1,23,1,1,343,20,2,13,11,35,29,7,1,3243,7
3,41,1,23,1,1,343,10,0,0,7,9,0,4,1,4460,2
4,41,1,23,1,1,343,10,2,8,8,12,29,7,1,2902,1
5,40,1,23,1,1,343,10,16,17,18,13,29,7,1,4421,1
6,40,1,53,1,1,343,20,0,3,7,31,29,7,1,3104,49
7,40,1,26,1,1,343,20,9,1,1,8,29,7,1,3901,1
2,27,2,15,0,1,103,20,0,2,12,19,0,4,1,4177,1
3,27,2,15,0,1,103,20,3,4,12,27,49,7,1,3504,4
4,27,2,15,0,1,103,20,0,0,9,44,0,4,1,4312,2
5,26,2,15,0,1,103,10,16,4,14,30,0,4,1,4464,2
6,26,2,15,0,1,103,20,1,0,4,45,0,4,1,4288,2
7,26,2,15,0,1,103,20,1,1,14,65,31,20,1,4536,3
2,42,2,45,1,1,344,20,3,18,9,136,49,9,1,753,139
3,42,2,45,1,1,344,20,7,2,15,321,99,9,1,948,223
4,42,2,45,1,1,344,20,2,8,11,185,79,7,1,949,295
5,41,2,95,1,1,344,20,3,2,7,315,89,7,1,1543,675
6,41,2,55,1,1,344,20,19,18,13,309,49,7,1,1055,243
7,42,2,65,1,1,344,20,1,1,7,207,99,9,1,1290,324
2,55,1,36,1,1,46,20,1,1,0,543,0,4,1,3472,17
3,55,1,47,1,1,46,20,9,1,12,610,40,43,1,4347,20
4,55,1,98,1,1,46,20,16,3,21,1271,90,9,1,3979,46
5,54,1,83,1,1,46,20,2,8,9,973,70,9,1,4206,33
6,55,1,99,1,1,46,20,11,0,8,1218,120,9,1,4254,47
7,55,1,41,1,1,46,20,18,3,18,703,30,9,1,4423,32
2,49,1,35,1,1,336,20,2,10,9,165,50,9,1,0,0
3,49,1,35,1,1,336,20,3,11,23,221,50,9,1,0,0
4,49,1,95,1,1,336,10,3,10,15,188,49,7,1,839,231
5,49,1,45,1,1,336,20,1,15,6,241,99,7,1,457,147
6,49,1,45,1,1,336,20,4,17,9,223,50,9,1,325,147
7,49,1,42,1,1,336,20,1,14,0,241,0,4,1,321,145
2,45,2,36,1,1,46,20,8,9,3,498,50,43,0,0,0
3,45,2,35,1,1,46,20,1,10,10,718,50,43,0,0,0
4,45,2,52,1,1,46,20,1,7,11,1245,50,43,0,0,0
5,44,2,58,1,1,46,20,0,1,1,1476,80,43,0,0,0
6,44,2,62,1,1,46,20,15,18,11,1407,30,43,0,0,0
7,44,2,60,1,1,46,20,6,6,2,1326,50,9,0,0,0
2,33,1,112,1,1,127,20,11,9,8,1237,93,43,1,4207,623
3,33,1,112,1,1,127,20,16,18,15,1401,43,31,1,5303,2522
4,33,1,113,1,1,127,20,8,8,8,1395,86,31,1,5582,1479
5,32,1,122,1,1,127,20,10,16,22,1679,0,4,1,5817,2746
6,32,1,116,1,1,127,20,1,17,7,1481,86,31,1,5649,1590
7,32,1,113,1,1,127,20,17,8,17,1320,62,6,1,5425,1220
2,43,2,25,0,1,43,20,2,2,0,109,49,7,1,0,0
3,43,2,25,0,1,43,20,10,9,21,120,0,4,1,831,20
4,43,2,53,0,1,43,20,21,9,9,186,49,7,1,2999,31
5,42,2,25,0,1,43,20,8,15,1,147,49,7,1,1943,8
6,42,2,25,0,1,43,20,17,18,8,90,0,4,1,1369,4
7,42,2,27,0,1,43,20,12,8,7,91,29,7,1,2031,16
2,39,2,90,1,1,53,20,2,16,10,15,500,43,1,5776,729
3,39,2,870,1,1,53,20,10,11,13,25,900,43,1,3573,3200
4,39,2,859,1,1,53,20,2,7,11,5,800,43,1,4487,2989
5,38,2,108,1,1,140,20,8,13,11,34,0,4,1,4092,1393
6,38,2,107,1,1,140,20,8,0,0,22,100,43,1,4801,1661
7,39,2,107,1,1,140,20,2,2,0,45,100,43,1,6968,3096
2,33,2,138,1,1,53,20,9,1,3,356,199,7,1,6374,5400
3,33,2,138,1,1,53,20,12,0,0,389,99,7,1,7069,5128
4,33,2,179,1,1,66,20,9,0,1,403,99,7,1,6385,4841
5,33,2,154,1,1,66,20,0,0,8,234,189,7,1,5230,4037
6,33,2,138,1,1,66,20,0,14,8,276,199,7,1,4915,2546
7,33,2,127,1,1,66,20,1,14,1,244,100,43,1,6416,4266
2,56,2,48,1,1,46,20,8,1,8,314,49,7,0,0,0
3,56,2,48,1,1,46,20,2,8,8,670,29,7,0,0,0
4,56,2,48,1,1,46,20,9,2,7,929,49,7,0,0,0
5,55,2,48,1,1,46,20,7,2,8,685,50,9,0,1,0
6,56,2,48,1,1,46,20,2,8,7,422,50,9,0,0,0
7,56,2,48,1,1,46,20,2,2,6,665,30,9,0,2,0
2,36,1,108,1,1,127,20,6,1,7,403,99,7,1,5191,2690
3,36,1,108,1,1,127,20,6,6,6,288,199,39,1,6302,4893
4,36,1,108,1,1,127,20,1,11,12,314,99,7,1,5469,3815
5,35,1,100,1,1,66,20,7,19,20,585,99,7,1,5609,1776
6,35,1,100,1,1,66,20,6,8,8,515,49,7,1,5620,2658
7,35,1,100,1,1,66,20,14,14,14,333,100,43,1,6108,2707
2,57,2,8,0,0,59,20,3,23,23,7,0,4,0,0,0
3,57,2,8,0,0,59,20,9,15,8,80,100,43,0,3,1
4,57,2,12,0,0,59,20,2,6,3,32,0,4,0,0,0
5,57,2,138,0,0,59,10,1,1,0,40,49,29,0,281,211
6,57,2,8,0,0,59,10,0,0,2,8,0,4,0,0,0
7,57,2,8,0,0,59,20,15,15,15,24,0,4,0,0,0
2,79,2,15,0,1,103,20,8,9,2,29,0,4,0,0,0
3,79,2,15,0,1,103,20,2,8,1,137,0,4,0,0,0
4,79,2,15,0,1,103,20,7,4,13,35,0,4,0,0,0
5,78,2,15,0,1,103,20,4,8,8,55,59,7,0,0,0
6,78,2,15,0,1,103,20,0,15,9,82,0,4,0,0,0
7,78,2,15,0,1,103,20,2,2,8,50,0,4,0,0,0
2,55,2,58,1,1,336,20,0,11,13,632,50,43,0,81,1
3,55,2,58,1,1,336,20,1,11,13,694,30,43,0,716,6
4,55,2,125,1,1,336,20,7,7,14,1402,200,43,0,1702,46
5,54,2,109,1,1,336,20,8,6,9,1284,80,43,0,1029,36
6,54,2,96,1,1,336,20,0,19,18,1082,80,43,0,663,24
7,55,2,68,1,1,336,20,4,4,19,932,50,9,0,1428,12
2,44,2,18,1,1,60,20,1,18,7,405,50,9,1,0,0
3,44,2,20,1,1,60,20,0,2,9,908,0,4,1,0,0
4,44,2,95,1,1,60,20,1,1,21,1143,60,9,1,592,133
5,44,2,177,1,1,60,10,1,17,7,1101,199,9,1,1679,442
6,44,2,91,1,1,66,20,3,7,17,996,199,7,1,1799,2679
7,44,2,109,1,1,66,20,3,3,11,718,100,9,1,2495,3782
2,46,1,103,1,0,127,20,18,18,18,574,109,7,1,7577,1102
3,46,1,103,1,0,127,20,2,13,0,924,109,7,1,7823,934
4,46,1,103,1,0,127,20,0,8,14,839,109,7,1,7643,1190
5,45,1,103,1,0,127,20,19,19,19,736,109,7,1,8585,1041
6,46,1,103,1,0,127,20,6,5,13,985,89,7,1,8614,1947
7,46,1,104,1,0,127,20,7,8,8,686,89,7,1,8961,2086
2,36,1,89,1,1,125,20,2,11,15,471,100,43,1,4479,403
3,36,1,99,1,1,125,20,4,8,10,527,80,43,1,5064,551
4,36,1,100,1,1,125,20,2,8,18,499,150,43,1,5597,1270
5,35,1,99,1,1,125,20,14,1,20,307,50,43,1,5591,1182
6,35,1,100,1,1,125,20,8,7,12,702,100,43,1,6365,1299
7,36,1,99,1,1,125,20,9,7,7,650,150,43,1,8448,1690
2,35,2,98,1,1,125,20,0,0,10,85,59,7,1,5691,3508
3,35,2,98,1,1,125,20,8,8,8,102,79,7,1,7871,3710
4,35,2,98,1,1,125,10,16,15,19,237,89,7,1,6579,2467
5,34,2,98,1,1,125,20,0,7,6,199,109,7,1,7436,2318
6,34,2,98,1,1,125,20,14,14,3,147,79,7,1,5174,2258
7,35,2,98,1,1,125,20,17,2,2,188,129,7,1,7646,2660
2,42,2,108,1,1,127,20,1,16,10,169,0,4,1,1941,3150
3,42,2,109,1,1,127,20,10,0,9,254,200,43,1,5212,6518
4,42,2,108,1,1,127,20,0,8,8,129,50,43,1,6213,4996
5,42,2,108,1,1,127,20,3,7,9,141,150,43,1,6512,6719
6,42,2,108,1,1,127,10,13,14,23,216,100,43,1,6242,4016
7,42,2,109,1,1,127,20,0,0,0,172,200,43,1,7477,5095
2,29,2,123,1,0,127,10,9,1,12,75,199,7,1,7031,4091
3,29,2,123,1,0,127,10,12,12,7,144,99,7,1,7325,3971
4,29,2,116,1,0,127,20,0,7,8,223,199,7,1,6398,2954
5,28,2,123,1,0,127,20,9,12,12,250,99,7,1,6808,4098
6,28,2,123,1,0,127,20,7,17,17,207,199,7,1,7371,6698
7,28,2,123,1,0,127,20,7,13,0,212,99,7,1,7929,8714
2,36,1,108,1,0,125,20,10,2,2,240,109,7,1,2990,2253
3,36,1,108,1,0,125,20,8,2,9,310,349,7,1,2792,2276
4,36,1,108,1,0,125,20,2,17,17,457,0,4,1,2323,3020
5,36,1,108,1,0,125,20,19,19,10,429,0,4,1,2404,3418
6,36,1,194,1,0,66,20,0,0,18,452,149,7,1,2939,5943
7,36,1,209,1,0,66,20,20,4,20,429,209,7,1,3868,6486
2,33,1,83,1,1,125,20,9,4,9,597,99,7,1,4675,421
3,33,1,84,1,1,125,20,9,13,8,693,149,7,1,4838,559
4,33,1,84,1,1,125,10,8,0,17,632,99,7,1,5837,1293
5,32,1,84,1,1,125,20,9,10,0,496,0,4,1,5016,709
6,32,1,84,1,1,125,20,8,0,0,572,99,7,1,5149,1071
7,32,1,84,1,1,125,20,9,9,19,428,199,7,1,6122,1373
2,39,2,222,1,1,53,20,0,0,0,275,199,7,1,5403,1097
3,39,2,303,1,1,53,10,0,11,0,296,349,7,1,5965,1122
4,39,2,344,1,1,53,10,18,19,0,364,309,7,1,5904,1210
5,38,2,85,1,1,53,20,2,2,1,335,99,7,1,5441,641
6,38,2,104,1,1,53,20,0,0,12,573,149,7,1,6722,1554
7,38,2,275,1,1,53,20,1,3,11,510,199,7,1,7951,2340
2,55,2,50,1,1,46,20,3,8,14,170,50,43,1,399,48
3,55,2,50,1,1,46,20,9,18,17,244,100,43,1,365,33
4,55,2,50,1,1,46,10,6,2,11,227,0,4,1,259,23
5,55,2,35,1,1,46,10,0,1,16,226,50,43,1,447,51
6,55,2,35,1,1,46,20,5,7,13,141,100,43,1,481,72
7,55,2,35,1,1,46,20,20,9,2,208,0,4,1,1011,54
2,45,2,105,1,1,127,20,21,17,18,189,119,43,1,1524,2352
3,45,2,110,1,1,127,20,1,17,1,268,149,7,1,2180,3468
4,45,2,110,1,1,127,20,8,8,17,199,49,7,1,2260,2247
5,44,2,110,1,1,127,20,7,10,12,297,129,7,1,2361,1790
6,44,2,110,1,1,127,20,0,1,10,139,99,7,1,2693,1042
7,44,2,110,1,1,127,20,7,14,20,343,109,52,1,3586,1104
2,32,1,19,0,0,43,20,2,15,20,69,0,4,1,0,0
3,32,1,18,0,0,43,20,0,9,0,130,0,4,1,0,0
4,32,1,18,0,0,43,20,16,16,19,152,49,6,1,0,0
5,31,1,18,0,0,43,20,14,13,14,149,0,4,1,0,0
6,31,1,18,0,0,43,20,2,10,7,75,0,4,1,0,0
7,31,1,204,0,0,43,20,9,17,22,106,199,7,1,828,156
2,39,2,31,1,0,46,20,2,9,10,89,99,7,1,4085,3
3,39,2,33,1,0,46,20,2,8,9,191,0,4,1,3865,9
4,39,2,33,1,0,46,20,2,9,10,144,0,4,1,4328,6
5,39,2,33,1,0,46,20,0,8,19,192,0,4,1,4301,8
6,39,2,33,1,0,46,20,1,8,8,225,149,7,1,4098,8
7,39,2,33,1,0,46,20,10,8,9,140,0,4,1,4482,6
2,44,2,105,1,1,127,20,4,8,14,331,100,43,1,809,377
3,44,2,105,1,1,127,20,10,9,9,358,100,43,1,2742,2885
4,44,2,105,1,1,127,20,5,0,17,286,99,7,1,2717,3103
5,43,2,105,1,1,127,20,4,0,0,373,150,43,1,3193,4322
6,43,2,105,1,1,127,20,11,11,12,285,100,43,1,3459,4545
7,43,2,105,1,1,127,20,0,1,1,217,100,43,1,4379,3338
2,64,2,17,0,1,103,20,1,0,8,136,99,7,1,4309,69
3,64,2,23,0,1,103,20,11,3,6,231,0,4,1,4768,105
4,64,2,16,0,1,103,20,1,7,10,122,0,4,1,4378,30
5,63,2,19,0,1,103,20,13,18,9,314,0,4,1,4500,15
6,64,2,16,0,1,103,20,0,20,7,306,99,58,1,4349,27
7,64,2,20,0,1,103,20,1,3,3,294,0,4,1,4507,57
2,36,2,90,1,1,346,20,2,12,19,541,79,7,1,4884,739
3,36,2,90,1,1,346,20,16,8,12,716,129,7,1,6185,563
4,36,2,95,1,1,346,20,4,12,6,1054,59,7,1,6707,1421
5,35,2,102,1,1,346,20,1,19,8,952,99,7,1,5964,1417
6,36,2,111,1,1,346,20,4,21,21,929,149,7,1,4870,979
7,36,2,90,1,1,346,20,17,7,17,658,49,7,1,5830,1026
2,44,1,101,1,1,181,20,0,17,0,310,59,7,1,1903,108
3,44,1,103,1,1,181,10,16,19,16,385,139,7,1,3316,407
4,44,1,102,1,1,181,20,8,1,0,491,89,7,1,3810,333
5,43,1,101,1,1,181,10,14,14,0,384,89,7,1,3406,1020
6,43,1,106,1,1,181,20,16,16,16,401,119,7,1,3445,883
7,43,1,105,1,1,181,10,2,21,2,506,109,7,1,3348,430
2,33,1,105,1,1,348,20,3,6,6,87,0,4,1,7120,3103
3,33,1,105,1,1,348,20,1,1,8,139,200,43,1,6987,3891
4,33,1,105,1,1,348,20,0,0,0,144,101,34,1,7081,4213
5,33,1,105,1,1,348,20,3,6,7,209,100,43,1,6901,4208
6,33,1,105,1,1,348,20,4,8,6,99,99,7,1,6756,4629
7,33,1,105,1,1,348,20,1,4,0,102,100,43,1,6456,2959
2,67,2,35,1,1,46,20,0,9,9,45,49,7,0,0,0
3,67,2,35,1,1,46,20,3,14,12,176,50,9,0,0,0
4,67,2,35,1,1,46,20,2,6,0,71,0,4,0,0,0
5,66,2,37,1,1,46,20,1,2,11,40,50,9,0,0,0
6,67,2,36,1,1,46,20,2,12,9,137,50,9,0,12,0
7,67,2,38,1,1,46,20,2,3,3,153,49,7,0,52,0
2,67,2,83,1,0,125,20,12,11,12,11,59,7,1,626,52
3,67,2,83,1,0,125,20,2,11,9,115,89,7,1,3674,137
4,67,2,83,1,0,125,20,0,8,14,43,89,7,1,3985,202
5,67,2,84,1,0,125,20,0,10,9,37,89,7,1,4701,299
6,67,2,84,1,0,125,20,0,0,10,10,129,7,1,4617,474
7,67,2,83,1,0,125,20,9,22,22,52,0,4,1,869,138
2,53,2,108,1,1,127,20,8,0,8,361,130,43,1,5013,362
3,53,2,108,1,1,127,20,7,2,3,486,50,43,1,5756,671
4,53,2,108,1,1,127,20,17,17,0,414,149,43,1,5209,1582
5,53,2,108,1,1,127,20,16,6,16,338,200,43,1,4095,1704
6,53,2,108,1,1,127,20,7,8,7,341,200,43,1,6282,3576
7,53,2,120,1,1,67,20,22,12,22,383,0,4,1,6016,1539
2,45,1,94,1,1,125,20,0,9,9,918,0,4,1,7438,805
3,45,1,99,1,1,125,20,0,0,0,337,129,7,1,8193,562
4,45,1,113,1,1,125,20,25,25,25,327,99,7,1,8359,477
5,44,1,121,1,1,125,20,16,7,21,453,99,7,1,7836,713
6,44,1,122,1,1,125,20,10,13,13,485,199,7,1,8367,720
7,44,1,108,1,1,125,20,0,7,0,272,99,7,1,8849,778
2,72,2,41,1,1,60,20,6,0,0,355,0,4,1,4185,15
3,72,2,38,1,1,60,20,2,6,2,583,50,9,1,4511,24
4,72,2,33,1,1,60,20,0,0,2,423,100,9,1,4356,21
5,72,2,15,1,1,60,20,2,3,6,193,0,4,1,4478,11
6,72,2,25,1,1,60,20,3,22,2,158,0,4,1,4340,10
7,72,2,18,1,1,60,20,2,3,9,168,99,7,1,4488,11
2,54,2,18,0,0,43,20,0,5,9,40,0,4,0,0,0
3,54,2,18,0,0,43,20,2,3,12,71,0,4,0,0,0
4,54,2,18,0,0,43,20,2,12,9,16,29,7,0,0,0
5,53,2,18,0,0,43,20,4,6,10,86,50,9,0,0,0
6,53,2,18,0,0,43,20,1,20,16,17,0,4,0,0,0
7,53,2,18,0,0,43,20,18,18,10,29,0,4,0,37,0
3,45,1,18,1,0,43,20,17,23,19,136,0,4,1,4469,7
4,45,1,18,1,0,43,20,11,0,9,77,149,7,1,4248,4
5,44,1,18,1,0,43,20,10,9,13,118,0,4,1,4327,6
6,44,1,18,1,0,43,20,8,12,18,83,0,4,1,4078,5
7,44,1,18,1,0,43,20,8,11,3,84,0,4,1,4465,4
2,48,2,153,1,0,336,20,6,0,9,119,149,7,1,3998,342
3,48,2,43,1,0,336,20,9,10,10,158,349,7,1,3974,7
4,56,2,78,1,0,336,20,15,16,6,131,50,9,1,4037,6
5,55,2,78,1,0,336,20,10,12,11,65,100,9,1,3707,3
6,55,2,78,1,0,336,20,7,7,1,45,99,7,1,3386,4
7,55,2,78,1,0,336,20,7,7,9,37,50,9,1,5844,255
2,35,2,76,1,1,346,20,0,12,11,248,75,9,1,3500,2137
3,35,2,86,1,1,346,20,10,6,10,407,29,7,1,4218,2065
4,35,2,85,1,1,346,20,14,14,13,243,109,9,1,4211,1814
5,35,2,85,1,1,346,20,13,9,9,355,69,9,1,3730,1441
6,35,2,87,1,1,346,20,4,12,8,398,89,7,1,4195,1693
7,35,2,88,1,1,346,20,14,14,11,256,90,9,1,4535,1522
2,27,1,85,1,1,125,20,10,1,1,224,99,43,1,5134,1957
3,27,1,98,1,1,125,20,17,9,13,558,79,7,1,5248,1493
4,27,1,88,1,1,125,10,2,23,21,237,59,7,1,5023,1746
5,26,1,94,1,1,125,20,3,2,11,239,99,7,1,5696,1798
6,27,1,94,1,1,125,20,1,3,9,308,99,7,1,6330,1748
7,27,1,83,1,1,125,10,8,2,18,120,99,7,1,8158,1791
2,67,2,67,1,1,17,20,2,2,0,108,99,29,1,5673,433
3,67,2,71,1,1,17,20,0,10,9,179,99,7,1,6157,583
4,67,2,64,1,1,17,20,9,10,1,92,0,4,1,6040,470
5,66,2,57,1,1,17,20,9,7,2,82,99,7,1,5370,350
6,66,2,34,1,1,17,20,17,8,16,137,0,4,1,5180,444
7,66,2,66,1,1,17,20,3,8,10,89,50,9,1,6921,533
2,38,2,77,1,1,53,20,12,1,10,867,50,43,1,870,1008
3,38,2,227,1,1,53,20,10,11,15,863,180,43,1,2687,1823
4,38,2,77,1,1,53,20,13,1,11,421,100,43,1,1981,1359
5,38,2,117,1,1,53,20,4,19,15,580,130,43,1,2941,1980
6,38,2,77,1,1,53,20,20,23,12,622,80,43,1,2186,1516
7,38,2,77,1,1,53,20,7,7,4,842,100,43,1,2752,1160
2,31,2,114,1,0,127,20,7,0,3,77,89,7,1,6873,6115
3,31,2,112,1,0,127,20,0,8,0,490,149,7,1,7309,6013
4,31,2,98,1,0,127,20,10,10,10,221,99,7,1,5952,2714
5,31,2,98,1,0,127,20,4,8,8,270,79,7,1,6514,2915
6,31,2,98,1,0,127,20,0,0,13,299,79,7,1,6197,2704
7,31,2,99,1,0,127,20,0,0,0,294,109,7,1,6547,3049
2,48,2,10,0,1,294,20,25,25,25,92,0,4,1,4185,3
3,48,2,31,0,1,294,10,10,10,12,181,20,43,1,4379,14
4,48,2,11,0,1,294,20,1,7,11,63,0,4,1,4074,3
5,48,2,16,0,1,294,10,1,21,25,233,30,43,1,4351,8
6,48,2,10,0,1,294,10,1,7,25,291,20,9,1,4342,9
7,48,2,14,0,1,294,10,8,3,18,242,0,4,1,4280,9
2,38,2,31,1,1,43,20,2,10,18,157,29,7,1,3217,6
3,38,2,31,1,1,43,20,1,3,11,127,49,7,1,337,1
4,38,2,31,1,1,43,20,25,25,25,117,0,4,1,0,0
5,37,2,31,1,1,43,20,19,19,7,263,149,7,1,1049,1
6,37,2,32,1,1,43,20,2,6,8,183,0,4,1,1558,5
7,37,2,31,1,1,43,20,2,2,18,223,0,4,1,2942,6
2,48,1,120,1,0,127,20,11,11,11,361,99,7,1,4721,808
3,48,1,120,1,0,127,20,13,13,14,919,199,7,1,6656,1636
4,48,1,120,1,0,127,20,0,18,0,794,99,7,1,6318,2158
5,48,1,119,1,0,127,20,5,5,20,705,99,7,1,5390,1380
6,48,1,119,1,0,127,20,0,0,0,852,99,7,1,5451,1673
7,48,1,120,1,0,127,20,0,1,8,772,99,7,1,6099,2035
2,66,2,20,0,1,43,20,1,8,19,42,0,4,0,0,0
3,66,2,29,0,1,43,20,0,14,8,190,49,9,0,0,0
4,66,2,20,0,1,43,20,2,8,9,175,0,4,0,0,0
5,66,2,20,0,1,43,20,7,14,6,101,49,7,0,0,0
6,66,2,20,0,1,43,20,5,9,0,203,19,9,0,3,0
7,66,2,23,0,1,43,20,2,2,6,224,0,4,0,7,0
2,44,2,47,1,1,336,20,2,12,12,89,0,4,1,5133,109
3,44,2,60,1,1,336,10,0,10,16,147,0,4,1,5752,63
4,44,2,65,1,1,336,20,2,10,10,62,49,7,1,5282,677
5,43,2,54,1,1,336,20,0,20,0,54,49,7,1,5208,802
6,43,2,54,1,1,336,20,0,8,8,70,49,7,1,5970,1109
7,43,2,54,1,1,336,20,17,9,17,93,49,7,1,6405,1503
2,51,2,12,0,1,324,20,0,8,13,404,0,4,0,0,0
3,51,2,12,0,1,324,20,8,3,10,479,0,4,0,0,0
4,51,2,12,0,1,324,20,1,1,9,444,0,4,0,0,0
5,50,2,12,0,1,324,20,1,6,10,686,100,43,0,0,0
6,50,2,12,0,1,324,20,2,6,7,606,0,4,0,0,0
7,50,2,12,0,1,324,20,17,17,18,925,0,4,0,5,0
2,32,1,35,1,1,336,20,14,9,9,369,99,7,1,1267,86
3,32,1,35,1,1,336,20,13,7,12,374,0,4,1,3655,147
4,32,1,37,1,1,336,20,9,20,20,397,99,40,1,4581,104
5,31,1,35,1,1,336,20,1,0,10,376,0,4,1,3736,24
6,31,1,45,1,1,336,20,14,12,14,352,198,6,1,3762,244
7,31,1,45,1,1,336,20,1,10,0,339,0,4,1,4303,207
2,50,1,38,1,1,59,20,3,10,13,398,0,4,1,0,0
3,50,1,36,1,1,59,20,1,19,16,560,0,4,1,31,1
4,50,1,36,1,1,59,20,4,15,12,458,0,4,1,6,0
5,49,1,28,1,1,59,20,1,15,13,398,0,4,1,6,0
6,50,1,45,1,1,59,20,3,15,6,629,0,4,1,0,0
7,50,1,55,1,1,59,20,2,2,7,769,0,4,1,21,0
2,60,2,106,1,1,346,20,11,6,1,973,99,7,1,1701,742
3,60,2,112,1,1,346,20,14,0,7,1487,99,7,1,1693,542
4,60,2,107,1,1,346,20,3,8,6,1873,49,7,1,1055,1372
5,60,2,109,1,1,346,20,6,12,6,2616,449,7,1,1924,515
6,60,2,95,1,1,346,20,7,7,11,1228,149,7,1,2602,493
7,60,2,104,1,1,346,20,7,0,20,1406,0,4,1,3304,478
2,59,1,133,1,1,345,20,1,1,16,333,129,7,1,1090,2178
3,59,1,70,1,1,345,20,0,0,0,318,59,9,1,5444,450
4,59,1,70,1,1,345,20,7,0,2,292,99,7,1,5697,1033
5,58,1,70,1,1,345,20,10,0,7,614,49,7,1,5566,148
6,58,1,70,1,1,345,20,7,1,22,421,49,7,1,5154,147
7,58,1,70,1,1,345,20,7,5,8,523,99,7,1,7142,641
2,46,1,97,1,1,125,20,8,3,8,219,100,43,1,5193,1082
3,46,1,96,1,1,125,20,7,3,11,254,199,6,1,5830,527
4,46,1,95,1,1,125,20,17,17,19,163,100,43,1,5730,968
5,45,1,113,1,1,66,10,2,16,22,312,100,43,1,6472,1887
6,45,1,109,1,1,66,20,16,17,7,338,200,43,1,6553,3151
7,45,1,109,1,1,66,20,7,7,3,170,99,7,1,6560,2376
2,37,2,125,1,1,127,10,3,9,17,207,0,4,1,6686,4725
3,37,2,125,1,1,127,20,2,17,8,559,199,7,1,7304,4276
4,37,2,105,1,1,127,20,8,1,8,448,49,7,1,6823,4187
5,37,2,105,1,1,127,20,0,0,0,204,249,7,1,8043,6613
6,37,2,378,1,1,127,20,0,7,7,199,349,7,1,7328,12742
7,37,2,345,1,1,127,20,8,8,9,111,299,7,1,7642,11550
2,56,2,44,1,1,46,20,0,10,13,69,59,7,0,0,0
3,56,2,44,1,1,46,20,0,0,10,144,29,7,0,0,0
4,56,2,44,1,1,46,20,3,0,17,90,29,7,0,0,0
5,55,2,44,1,1,46,20,1,2,13,139,59,7,0,0,0
6,55,2,44,1,1,46,20,1,1,7,186,29,7,0,0,0
7,55,2,44,1,1,46,20,3,3,4,92,59,7,0,0,0
2,40,2,15,0,0,59,20,0,0,6,25,29,7,1,0,0
3,40,2,17,0,0,59,20,0,0,13,61,0,4,1,0,0
4,40,2,16,0,0,59,20,8,12,2,32,29,7,1,0,0
5,39,2,20,0,0,59,20,4,8,10,59,0,4,1,0,0
6,39,2,14,0,0,59,20,11,12,17,60,29,7,1,2195,1
7,40,2,13,0,0,59,20,0,1,0,40,0,4,1,3999,2
2,30,1,27,1,1,43,20,0,0,11,445,0,4,1,589,4
3,30,1,43,1,1,43,20,0,2,10,690,100,43,1,644,4
4,30,1,43,1,1,43,20,0,0,16,824,50,43,1,201,1
5,30,1,32,1,1,43,20,0,13,16,631,0,4,1,440,14
6,30,1,175,1,1,43,20,14,19,13,600,200,9,1,596,65
7,30,1,74,1,1,43,20,10,14,16,399,50,9,1,4154,25
2,32,2,80,1,1,346,20,7,0,2,110,100,43,1,29,18
3,32,2,80,1,1,346,20,3,0,0,193,200,43,1,517,1283
4,32,2,80,1,1,346,20,9,8,3,196,0,4,1,232,367
5,32,2,80,1,1,346,20,10,17,9,268,0,4,1,271,669
6,32,2,80,1,1,346,20,12,17,19,174,100,43,1,164,175
7,32,2,80,1,1,346,20,21,6,9,217,50,43,1,48,39
2,40,2,88,1,0,53,20,3,3,6,67,99,7,1,5859,3596
3,40,2,88,1,0,53,20,10,9,3,201,79,7,1,6601,4746
4,40,2,88,1,0,53,20,5,10,20,170,149,7,1,4290,4415
5,40,2,88,1,0,53,20,19,0,1,165,99,7,1,4599,4349
6,40,2,88,1,0,53,20,20,0,0,252,109,7,1,7114,5504
7,40,2,88,1,0,53,20,0,0,0,211,119,7,1,7782,6003
2,76,2,10,0,1,294,20,3,6,12,4,0,4,0,0,0
3,76,2,10,0,1,294,20,17,18,1,29,0,4,0,0,0
4,76,2,10,0,1,294,20,17,7,2,52,0,4,0,0,0
5,76,2,10,0,1,294,20,0,3,16,21,0,4,0,0,0
6,76,2,10,0,1,294,20,0,0,5,7,0,4,0,36,0
7,76,2,10,0,1,294,20,2,12,2,10,50,43,0,110,0
2,73,2,91,1,1,53,20,14,11,11,63,50,43,1,2142,1027
3,73,2,91,1,1,53,20,7,5,4,95,50,9,1,4837,514
4,73,2,91,1,1,53,20,0,3,3,82,0,4,1,6011,819
5,73,2,91,1,1,53,20,10,7,6,75,100,43,1,5244,477
6,73,2,91,1,1,53,20,0,7,6,104,150,52,1,5696,613
7,73,2,93,1,1,53,20,0,0,0,110,150,43,1,6117,585
2,47,1,22,0,1,103,20,8,9,13,254,0,4,0,0,0
3,47,1,26,0,1,103,20,0,3,2,188,0,4,0,0,0
4,47,1,27,0,1,103,20,7,2,17,170,49,7,0,0,0
5,47,1,25,0,1,103,20,2,0,0,120,49,7,0,0,0
6,47,1,32,0,1,103,20,0,7,17,338,0,4,0,0,0
7,47,1,22,0,1,103,20,1,10,1,35,49,39,0,0,0
2,41,2,117,1,1,127,20,1,2,2,408,119,7,1,1774,3188
3,41,2,117,1,1,127,20,9,11,9,487,109,7,1,1622,2419
4,41,2,118,1,1,127,20,20,19,15,281,119,7,1,1171,1797
5,40,2,177,1,1,67,20,0,0,20,271,199,7,1,2338,1951
6,40,2,109,1,1,66,20,18,6,0,180,89,7,1,4709,3722
7,40,2,109,1,1,66,20,19,19,18,337,139,7,1,6263,3910
2,70,2,10,0,1,59,20,0,12,11,24,0,4,0,0,0
3,70,2,19,0,1,59,20,9,10,2,595,0,4,0,3,3
4,70,2,24,0,1,59,20,15,15,1,427,0,4,0,6,4
5,70,2,20,0,1,59,20,4,8,9,508,0,4,0,72,3
6,70,2,20,0,1,59,20,19,19,0,450,0,4,0,19,2
7,70,2,12,0,1,59,20,2,8,2,570,0,4,0,2,1
2,41,2,83,1,1,53,20,0,1,14,135,99,7,1,1530,1324
3,41,2,93,1,1,53,20,0,13,8,190,99,7,1,2042,871
4,41,2,93,1,1,53,20,7,2,2,267,99,7,1,2006,947
5,40,2,93,1,0,53,20,0,0,11,269,129,7,1,2055,1198
6,40,2,93,1,1,53,20,0,0,1,244,149,7,1,2127,655
7,40,2,93,1,1,53,20,19,1,2,297,99,7,1,4376,622
2,51,2,78,1,1,46,20,2,8,12,21,99,7,1,57,0
3,51,2,78,1,1,46,20,4,8,18,109,0,4,1,544,63
4,51,2,78,1,1,46,20,18,17,2,21,99,7,1,2534,19
5,51,2,78,1,1,46,20,2,22,10,25,100,9,1,4367,3
6,51,2,78,1,1,46,20,3,15,9,41,99,7,1,3758,29
7,51,2,78,1,1,46,20,20,21,10,63,0,4,1,4339,4
2,47,2,25,1,1,343,20,25,25,25,197,0,4,1,6,0
3,47,2,26,1,1,343,20,20,20,21,190,99,7,1,139,7
4,47,2,37,1,1,343,20,2,9,12,176,0,4,1,477,36
5,46,2,44,1,1,343,20,0,10,8,260,0,4,1,411,30
6,46,2,39,1,1,343,20,0,9,9,226,49,7,1,144,13
7,47,2,25,1,1,343,20,1,1,0,185,0,4,1,119,5
2,56,2,15,0,1,103,20,1,10,9,21,0,4,0,0,0
3,56,2,15,0,1,103,20,3,17,10,109,0,4,0,0,0
4,56,2,15,0,1,103,20,3,8,10,81,49,7,0,0,0
5,56,2,15,0,1,103,20,1,7,12,126,0,4,0,0,0
6,56,2,23,0,1,103,10,0,11,25,339,0,4,0,0,0
7,56,2,17,0,1,103,20,10,0,0,231,49,7,0,7,0
2,28,2,83,1,1,125,20,8,13,7,371,99,7,1,5384,1968
3,28,2,83,1,1,125,20,0,12,12,569,49,7,1,5940,1947
4,28,2,83,1,1,125,20,0,0,11,674,99,7,1,5590,2280
5,27,2,83,1,1,125,20,6,1,9,707,99,7,1,5628,2617
6,27,2,83,1,1,125,20,1,1,1,427,49,7,1,5584,1790
7,27,2,83,1,1,125,20,2,2,6,457,99,7,1,6203,2627
2,55,1,81,1,1,53,20,1,10,9,318,79,7,1,5315,1396
3,55,1,192,1,1,53,20,9,17,9,711,179,7,1,6616,1654
4,55,1,81,1,1,53,20,15,17,7,512,99,7,1,6495,1892
5,55,1,87,1,1,53,20,7,8,19,435,79,7,1,6678,2096
6,55,1,97,1,1,53,20,1,19,15,516,99,7,1,6729,2296
7,55,1,127,1,1,53,20,1,1,8,700,149,7,1,7592,2502
2,60,2,90,1,1,125,20,7,7,0,306,99,7,1,2361,1846
3,60,2,90,1,1,125,20,3,7,7,425,49,7,1,3335,2296
4,60,2,91,1,1,125,20,2,9,9,291,99,7,1,3048,2165
5,59,2,90,1,1,125,20,9,19,10,157,159,7,1,2156,1298
6,59,2,90,1,1,125,20,17,0,17,382,0,4,1,2722,2798
7,59,2,90,1,1,125,20,2,2,6,217,49,7,1,3224,2488
2,46,2,96,1,1,125,20,8,11,13,332,99,7,1,4545,2414
3,46,2,95,1,1,125,20,2,20,10,305,99,7,1,6149,1755
4,46,2,95,1,1,125,20,1,10,9,233,70,9,1,5888,2025
5,45,2,96,1,1,125,20,0,7,2,323,149,7,1,5745,2030
6,46,2,106,1,1,66,20,0,15,8,172,0,4,1,4811,1476
7,46,2,106,1,1,66,20,1,14,1,148,149,7,1,3753,732
2,38,2,28,1,1,60,20,20,17,3,174,0,4,1,3422,6
3,38,2,76,1,1,60,20,15,5,8,255,29,7,1,4566,50
4,38,2,27,1,1,60,20,1,9,19,150,29,7,1,3813,8
5,37,2,22,1,1,60,20,2,21,21,109,29,7,1,2914,4
6,37,2,30,1,1,60,20,19,3,18,189,49,7,1,1993,5
7,37,2,18,1,1,60,20,0,8,0,77,0,4,1,4471,4
2,23,2,35,1,1,336,20,7,11,3,71,0,4,1,3325,3
3,23,2,35,1,1,336,20,10,1,11,122,20,9,1,3790,3
4,23,2,35,1,1,336,20,2,0,15,98,30,9,1,3277,4
5,22,2,37,1,1,336,20,3,8,9,235,50,9,1,3564,191
6,22,2,38,1,1,336,20,17,0,19,181,10,9,1,4209,8
7,22,2,37,1,1,336,20,1,22,1,73,60,43,1,3676,20
2,35,1,25,1,1,343,20,0,0,0,92,0,4,1,365,0
3,35,1,25,1,1,343,20,3,2,12,141,0,4,1,92,2
4,35,1,25,1,1,343,20,0,19,11,154,0,4,1,96,0
5,34,1,25,1,1,343,20,8,9,3,234,0,4,1,110,0
6,34,1,25,1,1,343,20,2,7,10,286,0,4,1,496,1
7,34,1,25,1,1,343,20,9,8,14,305,99,7,1,293,1
2,45,1,15,0,0,294,20,2,0,19,72,0,4,1,0,0
3,45,1,23,0,0,294,20,3,12,23,151,0,4,1,0,0
4,45,1,17,0,0,294,20,4,21,0,163,0,4,1,0,0
5,44,1,24,0,0,294,20,1,14,9,160,50,43,1,0,0
6,44,1,10,0,0,294,20,17,8,17,39,0,4,1,9,0
7,45,1,14,0,0,294,20,1,1,1,84,0,4,1,24,0
2,56,2,62,1,1,344,10,2,13,14,418,100,43,1,1,0
3,56,2,87,1,1,344,10,7,20,19,579,99,7,1,0,0
4,56,2,89,1,1,344,20,14,15,9,736,50,43,1,0,0
5,56,2,67,1,1,344,20,13,15,3,520,50,9,1,0,0
6,56,2,66,1,1,344,20,3,9,16,524,49,7,1,0,0
7,56,2,60,1,1,344,20,1,1,9,465,99,7,1,1,0
2,47,1,75,1,1,53,20,22,1,18,111,50,43,1,6473,293
3,47,1,75,1,1,53,20,1,15,12,152,50,9,1,6639,315
4,47,1,77,1,1,53,20,1,10,16,120,100,43,1,6794,809
5,47,1,75,1,1,53,10,6,0,8,150,80,43,1,7413,402
6,47,1,75,1,1,53,20,3,3,18,64,100,9,1,7096,512
7,47,1,95,1,1,53,20,1,1,20,206,80,43,1,7681,1781
2,38,2,74,1,1,125,20,7,1,8,378,49,7,1,5170,551
3,38,2,74,1,1,125,20,6,2,13,196,99,7,1,6716,1076
4,38,2,85,1,1,125,20,2,12,21,439,99,7,1,7211,1398
5,37,2,80,1,1,125,10,1,7,11,466,99,7,1,2600,1275
6,37,2,81,1,1,125,20,7,7,23,549,99,7,1,5507,2086
7,37,2,89,1,1,125,20,1,8,8,476,299,7,1,5638,2046
2,33,2,232,1,1,53,20,17,18,18,55,299,7,1,6629,5851
3,33,2,146,1,1,66,10,1,0,22,79,99,7,1,6415,3797
4,33,2,104,1,1,66,20,2,0,13,154,49,7,1,5488,623
5,33,2,104,1,1,66,20,8,8,7,160,199,7,1,6132,1127
6,33,2,104,1,1,66,20,1,8,4,149,29,7,1,6652,3907
7,33,2,135,1,1,66,20,0,0,0,63,129,7,1,7834,6786
2,62,1,36,1,1,46,20,2,14,14,380,49,7,0,0,0
3,62,1,41,1,1,46,20,13,7,12,649,0,4,0,0,0
4,62,1,38,1,1,46,20,14,15,14,321,49,7,0,0,0
5,61,1,47,1,1,46,20,4,9,9,449,49,7,0,0,0
6,61,1,61,1,1,46,20,1,15,8,678,50,9,0,0,0
7,61,1,63,1,1,46,20,0,0,15,975,99,9,0,2,0
2,45,1,129,1,1,53,20,2,10,10,634,49,7,1,1531,3110
3,45,1,115,1,1,53,10,0,13,13,693,149,7,1,1845,2665
4,45,1,115,1,1,53,20,2,3,20,600,79,7,1,1805,2609
5,44,1,127,1,1,53,20,12,9,14,666,129,7,1,1481,2036
6,44,1,125,1,1,53,20,1,8,8,578,129,7,1,1288,1020
7,44,1,117,1,1,53,20,0,8,0,747,99,7,1,1997,867
2,38,1,118,1,1,125,10,11,7,3,95,0,4,1,4837,407
3,38,1,118,1,1,125,20,9,1,10,229,99,7,1,5522,460
4,38,1,118,1,1,125,20,11,0,8,222,49,7,1,5712,819
5,37,1,118,1,1,125,20,7,0,1,247,99,7,1,5875,1168
6,37,1,118,1,1,125,20,3,0,8,256,49,7,1,5504,1037
7,37,1,118,1,1,125,20,1,12,3,437,149,7,1,6396,1472
2,30,1,81,1,0,125,20,13,15,15,557,0,4,1,5796,2116
3,30,1,80,1,0,125,20,18,18,8,504,109,7,1,5550,1175
4,30,1,80,1,0,125,20,1,9,8,595,99,7,1,5858,1952
5,29,1,81,1,0,125,10,20,8,10,557,149,7,1,5773,1713
6,29,1,81,1,0,125,20,9,4,2,567,49,7,1,6520,1774
7,29,1,80,1,0,125,20,2,2,8,788,49,7,1,8477,1527
2,42,2,119,1,1,53,20,12,7,12,87,80,43,1,2877,889
3,42,2,116,1,1,53,20,17,17,12,174,89,9,1,356,109
4,42,2,94,1,1,66,20,9,7,7,232,100,43,1,882,344
5,42,2,94,1,1,66,20,9,2,9,73,100,43,1,576,206
6,42,2,94,1,1,66,20,0,9,6,122,140,43,1,434,144
7,42,2,94,1,1,66,20,5,0,6,54,500,43,1,811,171
2,40,1,77,1,1,53,10,2,8,18,636,80,43,1,5199,931
3,40,1,94,1,1,53,20,25,25,25,383,100,43,1,7907,350
4,40,1,89,1,1,53,10,13,15,21,486,110,43,1,7477,384
5,40,1,77,1,1,53,20,18,20,11,474,110,43,1,7249,679
6,40,1,77,1,1,140,20,3,23,11,664,110,43,1,5708,819
7,40,1,76,1,1,140,20,0,0,0,678,120,43,1,6882,800
2,33,2,118,1,1,127,20,9,2,8,393,199,7,1,6953,4967
3,33,2,160,1,1,127,20,0,0,0,891,199,7,1,7718,3211
4,33,2,134,1,1,127,10,7,1,18,756,199,7,1,7434,3199
5,32,2,199,1,1,66,20,22,0,0,659,99,7,1,7632,4779
7,33,2,220,1,1,66,20,0,1,0,331,199,7,1,7161,6767
2,20,2,60,1,1,345,20,3,10,16,219,80,43,1,1781,944
3,20,2,73,1,1,345,20,2,11,9,361,30,43,1,3098,1033
4,20,2,62,1,1,345,20,7,6,12,404,60,43,1,4948,1224
5,20,2,130,1,1,345,20,2,11,9,435,150,43,1,5323,2187
6,20,2,60,1,1,345,20,1,2,15,660,120,43,1,3914,1161
7,20,2,106,1,1,345,20,0,19,17,844,80,43,1,5114,2083
2,45,2,62,1,1,46,20,19,7,1,44,49,7,1,4615,121
3,45,2,45,1,1,46,20,1,12,15,182,49,7,1,4806,83
4,45,2,49,1,1,46,20,2,0,1,149,30,9,1,4822,121
5,44,2,55,1,1,46,20,2,6,15,108,79,7,1,4761,130
6,44,2,45,1,1,46,20,0,16,0,108,29,7,1,4668,63
7,45,2,45,1,1,46,20,0,1,0,89,49,39,1,5270,110
2,43,2,78,1,1,125,10,3,5,9,110,49,7,1,4730,1810
3,43,2,78,1,1,125,10,5,5,13,226,99,7,1,3364,520
4,43,2,78,1,1,125,10,4,9,10,154,49,7,1,1141,290
5,43,2,78,1,1,125,20,6,8,8,240,99,7,1,1252,482
6,43,2,83,1,1,125,20,5,14,8,302,99,7,1,2669,1665
7,43,2,78,1,1,125,20,6,6,10,232,49,7,1,3072,1814
2,25,2,133,1,1,127,20,2,14,10,173,149,7,1,5074,3730
3,25,2,113,1,1,127,20,0,4,20,171,59,7,1,5486,3374
4,25,2,113,1,1,127,20,1,10,14,86,129,43,1,4561,3028
5,25,2,113,1,1,127,20,3,20,8,54,100,43,1,4776,2864
6,25,2,113,1,1,127,20,14,12,13,31,100,43,1,1962,2984
7,25,2,115,1,1,127,20,21,17,20,40,159,43,1,4286,3395
2,32,1,106,1,1,340,20,2,7,2,242,100,43,1,4879,390
3,32,1,106,1,1,340,20,0,2,0,363,100,43,1,6336,1155
4,32,1,106,1,1,340,20,7,0,7,337,100,43,1,5741,703
5,31,1,109,1,1,340,20,6,3,7,372,100,43,1,4995,247
6,31,1,109,1,1,340,20,13,16,13,255,100,43,1,4788,632
7,31,1,109,1,1,340,20,7,0,1,231,200,43,1,5400,882
2,40,2,214,1,1,346,20,8,0,10,574,229,7,1,6780,5555
3,40,2,169,1,1,346,20,4,19,7,931,249,9,1,7675,4165
4,40,2,103,1,1,346,20,16,17,17,1712,0,4,1,7055,1991
5,40,2,114,1,1,346,20,0,16,7,390,149,7,1,5616,2339
6,40,2,117,1,1,67,20,11,6,9,530,79,7,1,4769,1056
7,40,2,117,1,1,67,20,3,15,20,494,129,9,1,5168,2425
2,39,2,70,1,1,344,20,3,0,17,125,49,20,1,686,135
3,39,2,70,1,1,344,20,3,11,16,232,99,9,1,4066,214
4,39,2,70,1,1,344,20,2,7,9,137,30,9,1,4841,353
5,38,2,70,1,1,344,20,8,11,16,186,79,7,1,5101,515
6,38,2,70,1,1,344,20,14,1,1,94,69,9,1,5205,477
7,38,2,70,1,1,344,20,0,4,3,82,69,7,1,5070,503
2,44,2,142,1,1,320,20,3,11,8,55,59,7,1,1465,247
3,44,2,136,1,1,66,20,3,12,9,432,119,7,1,5908,4343
4,44,2,193,1,1,66,20,3,17,14,241,199,7,1,6284,6345
5,44,2,142,1,1,66,20,3,16,16,222,169,7,1,5749,4576
6,44,2,160,1,1,66,20,7,2,20,314,159,7,1,6878,5140
7,44,2,151,1,1,66,20,0,7,0,266,139,7,1,7170,4930
2,72,2,53,1,1,344,20,1,0,23,71,180,43,1,1,0
3,72,2,53,1,1,344,20,15,14,3,134,0,4,1,1308,63
4,72,2,53,1,1,344,10,13,13,16,70,200,43,1,1750,357
5,72,2,57,1,1,344,20,10,4,14,209,100,43,1,2940,215
6,72,2,53,1,1,344,20,0,8,1,88,0,4,1,1456,159
7,72,2,73,1,1,344,20,3,11,3,61,0,4,1,4096,436
2,67,1,46,1,1,49,20,2,10,17,204,60,43,1,2488,36
3,67,1,64,1,1,49,20,6,3,8,163,50,43,1,3122,164
4,67,1,46,1,1,49,10,19,19,2,280,60,43,1,1483,66
5,66,1,46,1,1,49,20,15,0,0,507,30,43,1,2370,167
6,66,1,46,1,1,49,20,19,19,19,755,90,43,1,1758,127
7,66,1,46,1,1,49,20,2,0,13,991,80,43,1,1010,16
2,36,1,75,1,1,53,20,2,10,12,317,49,7,1,984,895
3,36,1,155,1,1,53,20,3,6,6,583,159,7,1,3928,1713
4,36,1,86,1,1,53,20,1,10,7,674,79,7,1,4948,627
5,36,1,85,1,1,53,20,14,0,17,727,79,7,1,4755,672
6,36,1,85,1,1,53,20,2,8,4,504,109,7,1,4438,542
7,36,1,85,1,1,53,20,0,2,8,1107,79,7,1,5145,645
2,31,1,85,1,1,125,20,17,8,17,324,0,4,1,2107,1721
3,31,1,85,1,1,125,20,8,3,2,362,149,7,1,2315,1377
4,31,1,85,1,1,125,20,0,7,19,462,99,7,1,2483,1815
5,31,1,85,1,1,125,20,3,7,20,388,0,4,1,2688,2443
6,31,1,104,1,1,66,20,3,0,7,321,199,7,1,2992,3176
7,31,1,96,1,1,66,20,2,20,7,233,0,4,1,2555,2078
2,33,1,33,1,0,46,20,18,19,22,236,99,7,1,3644,19
3,33,1,33,1,0,46,20,0,0,4,420,0,4,1,4161,58
4,33,1,33,1,0,46,20,0,8,5,346,0,4,1,4001,72
5,32,1,33,1,0,46,20,16,16,15,196,99,7,1,4827,106
6,32,1,43,1,0,46,20,22,19,21,289,0,4,1,5288,163
7,32,1,43,1,0,46,20,13,16,13,224,0,4,1,7333,190
2,60,1,38,1,0,46,20,8,2,16,1110,150,43,0,0,0
3,60,1,53,1,0,46,20,3,7,10,1182,0,4,0,0,0
4,60,1,76,1,0,46,20,8,1,7,1223,100,43,0,0,0
5,60,1,92,1,0,46,20,19,3,20,1262,50,43,0,1,0
6,60,1,74,1,0,46,20,12,0,12,1434,100,43,0,7,0
7,60,1,55,1,0,46,20,2,2,9,1392,0,4,0,56,0
2,34,1,56,1,1,46,20,12,12,1,241,0,4,1,4329,526
3,34,1,53,1,1,46,20,3,2,3,194,100,43,1,4600,251
4,34,1,64,1,1,46,20,1,1,1,370,100,43,1,4414,152
5,33,1,38,1,1,46,20,2,0,7,275,0,4,1,4541,117
6,33,1,39,1,1,46,20,0,7,10,294,0,4,1,4423,117
7,33,1,58,1,1,46,20,12,0,0,253,100,43,1,4572,277
2,39,2,79,1,1,53,10,0,0,0,67,199,7,1,7080,141
3,39,2,92,1,1,346,10,0,8,11,120,0,4,1,8054,2985
4,39,2,95,1,1,346,10,1,7,8,140,49,7,1,7257,2187
5,39,2,92,1,1,346,20,7,16,15,139,29,7,1,7290,1302
6,39,2,91,1,1,346,10,17,19,18,163,49,7,1,3330,591
7,39,2,91,1,1,346,20,12,14,20,97,149,7,1,8008,1273
2,60,2,60,1,1,52,20,0,8,3,108,100,43,1,4788,209
3,60,2,75,1,1,52,20,3,10,9,89,50,43,1,4968,252
4,60,2,75,1,1,52,10,1,7,7,129,50,43,1,2811,588
5,59,2,135,1,1,52,20,19,19,19,100,180,43,1,3578,2033
6,59,2,115,1,1,52,20,5,7,6,128,150,43,1,3381,1637
7,60,2,136,1,1,52,10,1,18,18,181,100,43,1,5742,1961
2,33,1,118,1,1,127,20,18,2,0,470,250,43,1,1767,947
3,33,1,118,1,1,127,20,12,19,8,522,130,43,1,2156,1189
4,33,1,118,1,1,127,20,12,0,8,426,150,43,1,1932,1235
5,32,1,126,1,1,67,20,4,1,8,443,100,43,1,2122,999
6,32,1,118,1,1,67,20,12,10,19,478,200,43,1,2559,1283
7,32,1,106,1,1,67,20,8,0,8,508,49,29,1,2976,1828
2,51,1,73,1,0,345,20,0,16,18,185,59,7,1,5728,465
3,51,1,73,1,0,345,20,4,15,19,234,89,7,1,4292,534
4,51,1,73,1,0,345,10,1,12,17,302,59,7,1,5500,504
5,51,1,113,1,0,345,20,7,7,5,463,119,7,1,2814,1429
6,51,1,98,1,0,345,20,4,19,19,248,89,7,1,5205,927
7,51,1,108,1,0,345,10,3,3,14,224,119,7,1,6154,963
2,43,2,29,0,1,43,20,0,11,13,183,50,43,1,4853,438
3,43,2,29,0,1,43,20,2,12,14,396,0,4,1,5599,1089
4,43,2,29,0,1,43,20,4,7,7,265,50,9,1,5932,493
5,42,2,29,0,1,43,20,9,1,9,221,0,4,1,7090,444
6,42,2,41,0,1,43,20,0,0,14,98,50,43,1,6011,247
7,42,2,31,0,1,43,20,18,18,14,195,50,43,1,7306,350
2,37,2,56,1,1,191,10,2,8,9,261,99,7,1,2495,2243
3,37,2,56,1,1,191,20,0,1,8,417,0,4,1,3472,3046
4,37,2,71,1,1,191,10,13,19,11,320,99,7,1,3722,1811
5,36,2,41,1,1,191,20,1,7,7,174,99,7,1,2781,2514
6,36,2,41,1,1,191,20,7,0,10,287,0,4,1,4018,2209
7,36,2,41,1,1,191,20,22,5,3,161,0,4,1,4165,1922
2,32,1,47,0,1,59,20,0,9,13,448,49,7,1,0,0
3,32,1,34,0,1,59,20,2,0,12,333,29,7,1,4,0
4,32,1,40,0,1,59,20,5,2,8,264,29,7,1,0,0
5,31,1,40,0,1,59,20,1,0,9,319,59,7,1,19,0
6,31,1,40,0,1,59,20,4,12,11,368,29,7,1,13,0
7,32,1,75,0,1,59,20,0,1,0,292,99,7,1,69,35
2,35,2,98,1,1,53,20,9,8,20,333,149,7,1,6947,3155
3,35,2,98,1,1,53,20,7,4,7,733,99,43,1,7340,4207
4,35,2,98,1,1,53,20,10,1,8,331,99,7,1,7562,4749
5,34,2,98,1,1,53,20,17,17,17,320,99,7,1,5204,1517
6,34,2,98,1,1,53,20,8,8,10,354,199,7,1,6713,3523
7,34,2,192,1,1,66,20,8,8,8,391,199,9,1,7627,6479
2,54,1,91,1,1,125,20,19,19,19,269,100,43,1,4498,1756
3,54,1,91,1,1,125,20,10,9,9,91,110,9,1,4551,740
4,54,1,91,1,1,125,20,2,2,2,188,50,43,1,2999,1365
5,54,1,98,1,1,125,20,0,6,0,878,150,9,1,2643,1613
6,54,1,87,1,1,125,20,9,9,9,368,150,9,1,2095,2879
7,54,1,135,1,1,66,20,0,0,0,429,0,4,1,6663,4606
2,49,2,90,1,1,46,20,4,12,18,60,99,7,1,4377,375
3,49,2,60,1,1,46,20,0,1,18,168,229,7,1,4107,98
4,49,2,121,1,1,46,20,1,9,8,269,0,4,1,3419,270
5,49,2,50,1,1,46,20,16,5,6,211,129,7,1,5279,152
6,49,2,60,1,1,46,20,7,9,0,126,99,7,1,4013,288
7,49,2,90,1,1,46,20,4,7,4,85,99,7,1,6552,435
2,65,2,85,1,1,125,10,19,19,8,351,50,43,1,3191,2624
3,65,2,85,1,1,125,20,13,9,8,934,100,43,1,3635,2318
4,65,2,86,1,1,125,20,13,13,0,797,100,43,1,3599,1970
5,64,2,85,1,1,125,20,22,0,1,2013,420,43,1,5362,887
6,64,2,95,1,1,125,20,14,3,8,1077,100,43,1,2787,1312
7,64,2,95,1,1,125,20,4,19,4,969,50,43,1,3877,1101
2,39,1,17,0,1,59,20,0,15,20,330,0,4,1,4262,17
3,39,1,14,0,1,59,20,10,20,15,231,0,4,1,4462,15
4,39,1,25,0,1,59,20,1,8,21,322,49,7,1,4405,18
5,38,1,14,0,1,59,20,2,10,11,286,0,4,1,4067,11
6,38,1,23,0,1,59,20,9,9,12,338,49,7,1,4417,20
7,38,1,25,0,1,59,20,6,6,12,297,0,4,1,4003,16
2,31,1,46,0,1,103,20,0,14,14,359,50,43,0,0,0
3,31,1,30,0,1,103,20,16,16,2,244,49,6,0,0,0
4,31,1,33,0,1,103,20,19,1,7,343,0,4,0,0,0
5,31,1,31,0,1,103,20,2,7,9,245,99,6,0,0,0
6,31,1,35,0,1,103,20,10,13,11,284,0,4,0,0,0
7,31,1,19,0,1,103,20,7,7,22,120,0,4,0,0,0
2,64,2,19,0,1,59,20,3,10,20,19,49,7,0,0,0
3,64,2,19,0,1,59,20,2,3,0,98,0,4,0,0,0
4,64,2,19,0,1,59,20,4,8,0,64,0,4,0,0,0
5,64,2,19,0,1,59,20,16,8,18,108,0,4,0,0,0
6,64,2,20,0,1,59,20,2,11,17,111,40,9,0,0,0
7,64,2,22,0,1,59,20,3,3,13,81,0,4,0,0,0
2,42,1,41,1,1,46,20,13,15,13,255,50,43,1,6248,243
3,42,1,42,1,1,46,20,0,9,4,322,30,43,1,5494,80
4,42,1,41,1,1,46,20,9,18,1,261,30,43,1,5119,111
5,41,1,44,1,1,46,20,9,1,8,446,60,43,1,4873,60
6,41,1,44,1,1,46,20,14,3,15,587,30,43,1,5355,130
7,41,1,42,1,1,46,20,15,1,15,359,60,43,1,5704,115
2,33,1,101,1,1,53,20,13,8,10,269,0,4,1,5624,1656
3,33,1,101,1,1,53,20,9,8,9,298,100,43,1,6121,1318
4,33,1,102,1,1,53,20,9,7,6,217,99,7,1,5477,1473
5,33,1,101,1,1,53,20,8,7,7,353,99,7,1,6012,1835
6,33,1,103,1,1,53,20,8,12,12,322,99,7,1,5948,1002
7,33,1,98,1,1,66,20,6,8,7,522,99,7,1,6742,1285
2,43,2,100,1,0,127,20,8,0,0,438,0,4,1,3784,5745
3,43,2,100,1,0,127,20,3,12,12,641,99,7,1,3111,3603
4,43,2,100,1,0,127,20,9,11,12,592,199,7,1,3382,5252
5,43,2,100,1,0,127,20,17,13,13,1082,0,4,1,3655,5409
6,43,2,101,1,0,127,20,9,0,6,1577,99,7,1,3528,4866
7,43,2,101,1,0,127,20,9,4,4,965,199,43,1,4342,5466
2,61,1,20,0,1,264,20,0,0,14,84,0,4,0,0,0
3,61,1,20,0,1,264,20,2,11,12,55,0,4,0,0,0
4,61,1,20,0,1,264,20,0,2,4,126,29,7,0,0,0
5,61,1,22,0,1,264,10,1,7,9,107,0,4,0,0,0
6,61,1,24,0,1,264,20,2,7,9,125,50,9,0,1,0
7,61,1,20,0,1,264,20,3,7,20,56,0,4,0,6,0
2,31,1,87,1,1,53,20,3,19,15,395,100,43,1,4068,298
3,31,1,82,1,1,53,20,19,10,10,344,99,39,1,4551,490
4,31,1,82,1,1,53,20,0,8,8,321,50,43,1,4273,649
5,30,1,92,1,1,53,20,15,1,9,318,70,43,1,5241,2027
6,30,1,82,1,1,53,20,8,4,8,501,110,43,1,5165,1181
7,31,1,82,1,1,53,20,20,8,20,347,100,43,1,5790,1736
2,46,2,38,1,1,46,20,0,3,19,122,50,43,1,907,151
3,46,2,38,1,1,46,20,0,11,8,273,0,4,1,1866,324
4,46,2,38,1,1,46,20,0,11,9,296,50,43,1,1445,258
5,45,2,38,1,1,46,20,8,6,23,285,50,43,1,1429,182
6,45,2,38,1,1,46,20,17,13,12,206,50,43,1,1361,143
7,45,2,38,1,1,46,20,8,7,0,349,50,43,1,2077,81
2,46,1,30,1,1,46,20,25,25,25,177,0,4,1,3476,12
3,46,1,48,1,1,46,20,25,25,25,391,49,7,1,3401,33
4,46,1,38,1,1,46,20,25,25,25,207,49,7,1,3222,20
5,46,1,41,1,1,46,20,25,25,25,104,49,7,1,3327,19
6,46,1,42,1,1,46,20,25,25,25,226,0,4,1,1564,18
7,46,1,40,1,1,46,20,7,7,7,203,49,7,1,270,12
2,36,1,30,0,1,43,20,1,0,0,199,50,43,1,3914,8
3,36,1,38,0,1,43,20,0,1,20,495,50,43,1,4085,15
4,36,1,23,0,1,43,20,2,22,22,111,0,4,1,4185,5
5,36,1,31,0,1,43,20,1,6,14,157,50,43,1,3661,4
6,36,1,25,0,1,43,20,11,14,23,118,0,4,1,3606,4
7,36,1,23,0,1,43,20,7,7,0,117,50,43,1,4060,6
2,59,1,59,1,0,344,20,8,7,1,208,0,4,1,523,229
3,59,1,53,1,0,344,20,1,4,1,118,100,9,1,261,314
4,59,1,179,1,0,344,20,7,0,15,366,399,7,1,2006,528
5,58,1,238,1,0,344,20,7,7,0,220,0,4,1,1279,1899
6,58,1,200,1,0,344,10,17,2,6,330,199,7,1,2333,1443
7,58,1,189,1,0,344,20,11,11,11,145,299,7,1,1902,1465
2,34,1,75,1,1,53,20,2,13,17,729,199,7,1,5124,124
3,34,1,75,1,1,53,20,13,13,13,659,0,4,1,5654,196
4,34,1,75,1,1,53,20,0,0,6,591,0,4,1,6734,494
5,34,1,75,1,1,53,20,4,12,10,491,99,7,1,5743,268
6,34,1,75,1,1,53,20,4,2,4,642,99,7,1,6239,126
7,34,1,75,1,1,53,20,3,3,7,405,50,9,1,6980,137
2,57,2,35,1,1,336,20,2,11,17,63,0,4,1,0,0
3,57,2,35,1,1,336,20,3,10,15,128,99,9,1,3892,21
4,57,2,35,1,1,336,20,1,9,9,113,0,4,1,5330,63
5,56,2,35,1,1,336,20,2,9,13,146,49,7,1,5672,90
6,57,2,35,1,1,336,20,1,9,7,203,49,7,1,5808,59
7,57,2,35,1,1,336,20,2,10,2,177,99,7,1,4774,15
2,33,2,85,1,1,53,20,0,12,9,594,100,43,1,1425,168
3,33,2,103,1,1,53,20,14,9,9,989,80,43,1,2331,252
4,33,2,85,1,1,53,20,9,8,7,805,100,43,1,2012,213
5,32,2,75,1,1,53,20,9,8,1,685,80,43,1,1960,491
6,32,2,75,1,1,53,20,7,6,6,900,99,43,1,1742,169
7,32,2,75,1,1,53,20,7,8,8,656,50,9,1,2460,825
2,60,1,108,1,1,140,20,0,7,7,246,50,43,1,3515,4663
3,60,1,108,1,1,140,10,16,0,17,277,150,43,1,3165,2794
4,60,1,108,1,1,140,10,2,7,8,175,79,43,1,3782,5280
5,60,1,108,1,1,140,20,15,15,18,301,180,43,1,3645,3628
6,60,1,108,1,1,140,10,17,18,17,247,30,43,1,3026,3490
7,60,1,109,1,1,140,10,2,1,7,349,160,43,1,4078,6904
2,39,1,21,0,1,294,20,0,14,16,189,0,4,1,202,3
3,39,1,28,0,1,294,20,8,11,8,472,0,4,1,145,2
4,39,1,27,0,1,294,20,7,7,11,295,0,4,1,182,3
5,39,1,27,0,1,294,20,6,9,6,233,0,4,1,391,3
6,39,1,137,0,1,294,20,7,7,6,1731,99,7,1,380,3
7,39,1,190,0,1,294,20,1,6,6,1929,249,7,1,349,29
2,46,1,79,1,1,125,20,2,9,9,228,100,9,1,3709,1388
3,46,1,93,1,1,125,20,2,17,11,187,0,4,1,4037,1805
4,46,1,95,1,1,125,20,1,1,9,168,99,7,1,3092,1816
5,46,1,92,1,1,125,20,8,10,0,85,199,9,1,3424,2156
6,46,1,92,1,1,125,20,0,0,10,137,0,4,1,4132,1127
7,46,1,92,1,1,125,20,16,16,15,257,99,7,1,4912,1720
2,49,1,86,1,1,125,20,0,0,0,249,50,43,1,375,64
3,49,1,85,1,1,125,20,3,15,15,335,80,43,1,207,50
4,49,1,85,1,1,125,20,4,9,19,499,130,43,1,326,61
5,48,1,85,1,1,125,20,17,13,17,512,80,43,1,457,162
6,48,1,85,1,1,125,20,4,11,4,242,50,43,1,244,47
7,48,1,85,1,1,125,20,0,0,6,493,80,9,1,1044,322
2,57,2,120,1,1,345,20,3,14,11,133,149,7,1,738,1904
3,57,2,60,1,1,345,20,9,18,9,208,99,7,1,707,910
4,57,2,60,1,1,345,20,4,7,9,312,0,4,1,668,732
5,57,2,60,1,1,345,20,4,17,16,261,99,7,1,639,997
6,57,2,60,1,1,345,20,1,9,7,243,100,9,1,661,648
7,57,2,77,1,1,345,20,3,7,3,378,0,4,1,1221,475
2,46,2,77,1,1,53,20,0,0,15,222,59,7,1,944,26
3,46,2,77,1,1,53,20,11,1,3,227,79,7,1,1321,19
4,46,2,77,1,1,53,20,9,9,7,301,99,7,1,1364,43
5,46,2,77,1,1,53,20,6,9,17,281,99,9,1,1324,35
6,46,2,77,1,1,53,20,11,8,12,272,50,9,1,1245,40
7,46,2,77,1,1,53,20,10,10,12,289,109,7,1,2273,81
2,46,2,43,1,1,336,20,3,10,18,141,100,43,0,2,0
3,46,2,43,1,1,336,20,11,3,8,257,0,4,0,0,0
4,46,2,43,1,1,336,20,0,0,7,145,50,43,0,2,0
5,45,2,44,1,1,336,20,1,9,18,224,50,43,0,0,0
6,45,2,43,1,1,336,20,1,9,13,229,100,43,0,13,0
7,45,2,43,1,1,336,20,0,0,0,612,0,4,0,37,0
2,39,1,87,1,0,346,20,3,17,17,332,99,7,1,5496,700
3,39,1,87,1,0,346,20,0,9,13,565,99,7,1,6728,1261
4,39,1,88,1,0,346,20,10,11,0,427,99,7,1,5532,1951
5,38,1,98,1,0,66,20,7,3,11,495,99,7,1,2146,3567
6,39,1,98,1,0,66,20,12,2,1,526,99,7,1,2689,1392
7,39,1,98,1,0,66,20,7,7,3,569,99,7,1,3646,2189
2,46,2,129,1,1,127,20,4,14,9,133,120,43,1,5479,732
3,46,2,129,1,1,127,20,10,10,3,558,120,43,1,6906,1391
4,46,2,139,1,1,127,20,0,0,0,555,160,43,1,6933,1901
5,46,2,142,1,1,67,20,1,4,12,559,120,43,1,7816,2127
6,46,2,143,1,1,67,20,0,8,8,624,150,43,1,8118,1783
7,46,2,135,1,1,67,20,8,0,0,610,139,43,1,8761,3908
2,41,1,66,1,1,345,20,2,8,12,286,50,43,1,1014,781
3,41,1,66,1,1,345,20,8,11,16,345,30,43,1,3129,623
4,41,1,46,1,1,346,20,4,2,1,616,50,43,1,5038,517
5,40,1,46,1,1,346,20,22,20,2,660,30,43,1,4379,247
6,40,1,46,1,1,346,20,8,7,2,703,80,43,1,5426,1292
7,40,1,47,1,1,346,20,0,0,3,757,50,43,1,4970,658
2,43,2,52,0,1,15,20,0,0,10,132,89,23,1,2843,634
3,43,2,73,0,1,15,20,2,8,20,107,49,7,1,3523,2544
4,43,2,64,0,1,15,20,8,0,12,255,49,7,1,2523,1647
5,42,2,54,0,1,15,20,9,10,20,398,49,7,1,2318,378
6,42,2,60,0,1,15,20,9,4,14,326,79,7,1,3605,981
7,42,2,75,0,1,15,20,4,7,4,126,99,7,1,3204,628
2,61,1,38,1,1,336,20,14,1,9,169,30,43,1,141,19
3,61,1,38,1,1,336,20,3,19,10,210,0,4,1,214,81
4,61,1,38,1,1,336,20,0,8,7,239,50,43,1,477,85
5,60,1,38,1,1,336,20,1,12,20,142,50,43,1,781,85
6,60,1,38,1,1,336,20,9,17,4,237,0,4,1,207,129
7,60,1,38,1,1,336,20,17,17,6,99,50,43,1,580,81
2,52,2,85,1,1,125,20,1,9,8,726,0,4,1,1956,1523
3,52,2,85,1,1,125,20,16,16,16,471,100,50,1,1598,1354
4,52,2,85,1,1,125,20,7,6,6,429,100,9,1,1297,427
5,52,2,85,1,1,125,20,1,7,0,497,99,7,1,1540,378
6,52,2,85,1,1,125,10,7,2,8,541,0,4,1,1963,376
7,52,2,85,1,1,125,20,19,7,8,533,99,7,1,5887,710
2,58,2,63,1,0,46,20,8,10,17,101,80,43,1,362,121
3,58,2,43,1,0,46,20,8,10,18,136,100,43,1,31,26
4,58,2,43,1,0,46,20,1,20,12,90,0,4,1,3,0
5,58,2,83,1,0,46,10,18,22,20,71,80,9,1,663,426
6,58,2,33,1,0,46,20,7,15,3,83,100,43,1,47,29
7,58,2,33,1,0,46,20,8,10,0,76,0,4,1,84,6
2,51,2,85,1,1,346,20,0,10,13,38,0,4,1,2643,186
3,51,2,85,1,1,346,20,2,11,11,32,100,43,1,6357,212
4,51,2,85,1,1,346,20,2,9,9,70,50,43,1,7167,188
5,51,2,85,1,1,346,20,0,11,11,33,100,43,1,6461,206
6,51,2,85,1,1,346,10,2,15,23,99,100,43,1,7157,245
7,51,2,85,1,1,346,20,19,19,16,55,100,43,1,8738,304
2,28,2,141,1,1,347,20,1,11,12,1225,119,7,1,5369,2451
3,28,2,165,1,1,347,20,3,12,12,2622,169,7,1,6452,2647
4,28,2,141,1,1,347,10,0,12,12,1407,169,7,1,5704,1675
5,27,2,151,1,1,347,20,7,17,10,2083,159,7,1,6324,4491
6,27,2,141,1,1,347,20,0,16,17,1539,119,7,1,5917,3284
7,27,2,140,1,1,347,20,3,3,19,1958,139,7,1,7205,2986
2,62,2,12,0,1,324,20,17,16,23,13,0,4,0,0,0
3,62,2,12,0,1,324,20,0,1,9,18,0,4,0,4,0
4,62,2,12,0,1,324,20,0,9,0,54,99,7,0,0,0
5,62,2,17,0,1,324,20,3,10,2,94,0,4,0,0,0
6,62,2,12,0,1,324,20,3,6,10,55,0,4,0,4,0
7,62,2,12,0,1,324,20,17,17,2,65,0,4,0,36,0
2,41,2,95,1,1,53,20,1,9,16,209,80,43,1,2832,4080
3,41,2,95,1,1,53,20,6,9,8,485,90,43,1,2917,3548
4,41,2,95,1,1,53,20,2,10,9,397,80,43,1,3179,3849
5,40,2,95,1,1,53,20,21,21,20,532,90,43,1,2917,3295
6,40,2,109,1,1,53,20,17,14,17,1289,90,43,1,3164,2674
7,40,2,96,1,1,53,20,1,9,9,795,80,43,1,4097,3787
2,26,2,28,1,1,60,20,1,9,18,35,49,7,1,3686,55
3,26,2,21,1,1,60,20,4,18,20,45,0,4,1,3912,34
4,26,2,21,1,1,60,20,1,17,20,34,49,6,1,3273,52
5,26,2,21,1,1,60,20,1,18,13,44,0,4,1,3790,57
6,26,2,21,1,1,60,20,14,12,13,35,50,43,1,3578,47
7,26,2,50,1,1,60,20,17,20,20,47,0,4,1,5396,1075
2,59,1,53,1,0,46,20,9,3,11,322,99,7,1,0,0
3,59,1,51,1,0,46,20,4,1,22,333,0,4,1,1,0
4,59,1,42,1,0,46,20,18,21,12,275,19,6,1,1,0
5,59,1,42,1,0,46,20,1,8,7,332,60,43,1,3,0
6,59,1,43,1,0,46,20,21,10,10,362,30,43,1,0,0
7,59,1,46,1,0,46,20,12,1,12,430,99,7,1,13,0
2,35,2,50,1,1,46,10,18,4,18,112,0,4,1,1109,529
3,35,2,58,1,1,46,20,0,10,8,83,99,43,1,4730,757
4,35,2,48,1,1,46,20,0,5,19,109,29,29,1,5838,568
5,34,2,48,1,1,46,20,1,10,20,103,40,43,1,5959,479
6,34,2,48,1,1,46,20,9,0,0,147,19,29,1,6044,528
7,34,2,50,1,1,46,20,20,8,11,228,99,43,1,6563,605
2,67,1,80,1,1,125,20,10,10,10,1541,50,43,1,7657,1619
3,67,1,80,1,1,125,20,7,0,6,1437,50,43,1,8365,1783
4,67,1,80,1,1,125,20,0,0,8,1545,50,43,1,8443,1851
5,67,1,80,1,1,125,20,12,13,13,1210,100,43,1,8404,1809
6,67,1,80,1,1,125,20,16,16,16,1033,50,43,1,8342,1976
7,67,1,80,1,1,125,20,1,11,11,1474,100,43,1,9045,1839
2,56,2,94,1,1,125,20,3,9,9,489,79,7,1,2015,1191
3,56,2,94,1,1,125,20,0,0,7,544,79,43,1,2091,1348
4,56,2,94,1,1,125,20,0,0,0,457,99,7,1,2158,820
5,56,2,94,1,1,125,20,3,12,7,289,100,43,1,2223,540
6,56,2,94,1,1,125,20,0,3,0,610,80,9,1,1941,3704
7,56,2,97,1,1,125,20,0,0,0,593,149,7,1,2672,2667
2,45,1,78,1,1,53,20,0,11,9,59,100,45,1,4397,695
3,45,1,78,1,1,53,20,11,11,10,106,100,45,1,5220,802
4,45,1,79,1,1,53,20,4,7,16,118,0,4,1,5432,1155
5,45,1,79,1,1,53,20,0,10,3,112,99,29,1,5320,782
6,45,1,78,1,1,53,20,0,9,0,167,198,40,1,5821,735
7,45,1,78,1,1,53,20,0,6,14,99,0,4,1,8302,595
2,29,2,104,1,1,53,20,18,18,20,237,100,43,1,5823,1245
3,29,2,99,1,1,53,20,1,12,10,755,100,43,1,7288,4336
4,29,2,133,1,1,53,20,1,11,16,1015,100,43,1,6611,3114
5,29,2,137,1,1,53,20,18,18,19,903,100,43,1,6202,3764
6,29,2,109,1,1,53,20,5,13,14,491,200,43,1,6574,3291
7,29,2,100,1,1,53,20,1,1,13,546,100,43,1,7568,6102
2,61,1,47,1,1,43,20,2,10,18,370,29,7,0,0,0
3,61,1,59,1,1,43,20,3,9,13,436,59,7,0,0,0
4,61,1,47,1,1,43,20,0,12,20,433,59,7,0,0,0
5,60,1,68,1,1,43,20,2,8,13,522,79,7,0,0,0
6,61,1,51,1,1,43,20,0,15,17,312,29,7,0,3,0
7,61,1,58,1,1,43,20,7,7,13,559,99,7,0,2,0
2,46,1,160,1,1,346,10,6,14,8,796,149,7,1,5385,1167
3,46,1,306,1,1,346,20,0,10,14,2163,299,7,1,7038,2453
4,46,1,140,1,1,346,20,8,13,8,1084,199,7,1,5994,1516
5,46,1,169,1,1,346,20,0,1,13,1095,99,7,1,6389,1676
6,46,1,141,1,1,346,20,20,23,20,1018,199,7,1,6234,1121
7,46,1,133,1,1,346,20,0,0,0,693,99,7,1,6235,635
